#SET	CLID	PDB	MUT	DDG	pH	T
SET_0	26	1VIIA	W64L	-1.420	5.0	25.0
SET_0	26	1VIIA	F51L	-1.990	5.0	25.0
SET_0	26	1VIIA	V50A	-0.700	7.0	25.0
SET_0	26	1QQVA	K70M	0.500	7.0	25.0
SET_0	26	1VIIA	K65M	0.650	4.2	5.0
SET_0	26	1VIIA	R55M	-1.030	5.0	25.0
SET_0	26	1VIIA	F58L	-2.380	5.0	25.0
SET_0	26	1VIIA	D44N	-0.740	5.0	25.0
SET_0	26	1VIIA	W64K	-1.350	5.0	25.0
SET_0	26	1VIIA	F47L	-2.150	5.0	25.0
SET_0	26	1VIIA	M53A	-2.800	7.0	74.8
SET_0	26	1VIIA	K48M	0.870	5.0	5.0
SET_0	26	1QQVA	H41Y	1.300	7.0	25.0
SET_0	26	1VIIA	L42A	-1.400	7.0	25.0
SET_0	26	1VIIA	P62A	-1.270	5.0	25.0
SET_0	26	1VIIA	W64A	-0.970	5.0	25.0
SET_0	0	1YCCA	H33Y	-0.600	7.0	25.0
SET_0	0	1YCCA	C102A	1.620	5.0	47.4
SET_0	0	1CYCA	K73Y	-1.050	7.5	25.0
SET_0	0	1YCCA	V20C	-1.100	7.2	27.0
SET_0	0	1C2RA	K14E	-0.900	7.5	25.0
SET_0	0	1C2RA	K32E	0.400	7.5	25.0
SET_0	0	1YCCA	H26Y	-1.820	7.0	25.0
SET_0	0	1YCCA	Y97F	0.240	4.6	52.7
SET_0	0	1I5TA	H26V	-3.780	7.2	25.0
SET_0	0	1CYCA	K73W	-1.430	7.5	25.0
SET_0	0	1YCCA	C102S	2.800	6.0	46.5
SET_0	0	1CYCA	K73F	-1.150	7.5	25.0
SET_0	0	1I5TA	H33F	0.670	7.2	25.0
SET_0	0	1YCCA	C102T	0.800	6.0	57.1
SET_0	0	1AKKA	H33N	1.000	5.0	15.0
SET_0	123	3MXFA	A89V	-0.790	7.5	10.0
SET_0	125	3SSIA	M103V	-1.840	7.0	82.2
SET_0	125	3SSIA	V13M	-5.920	7.0	82.2
SET_0	125	3SSIA	M103I	-1.890	7.0	82.2
SET_0	125	3SSIA	M73L	-0.250	7.0	53.4
SET_0	125	3SSIA	V13F	-5.690	7.0	82.2
SET_0	125	3SSIA	M103L	0.150	7.0	82.2
SET_0	125	3SSIA	M73D	1.600	7.0	53.4
SET_0	125	3SSIA	M73I	-0.940	7.0	53.4
SET_0	125	3SSIA	V13L	-2.210	7.0	82.2
SET_0	125	3SSIA	M73V	-0.660	7.0	53.4
SET_0	125	3SSIA	D83C	-0.030	7.0	82.3
SET_0	125	3SSIA	M73G	-0.060	7.0	53.4
SET_0	125	3SSIA	M103A	-2.320	7.0	82.2
SET_0	125	3SSIA	M73K	0.350	7.0	53.4
SET_0	125	3SSIA	M103G	-6.820	7.0	82.3
SET_0	125	3SSIA	M73E	1.050	7.0	53.4
SET_0	125	3SSIA	M73A	0.550	7.0	53.4
SET_0	127	4GWTA	K13Y	-0.670	7.0	40.0
SET_0	127	4GWTA	K13V	0.220	7.0	40.0
SET_0	127	4GWTA	K6M	0.080	7.0	40.0
SET_0	127	4GWTA	R14L	-0.920	7.0	40.0
SET_0	127	4GWTA	S38T	-0.130	7.0	40.0
SET_0	127	4GWTA	R21H	-0.740	7.0	40.0
SET_0	50	1H7MA	R8A	-0.760	7.4	25.0
SET_0	50	1H7MA	R76A	0.190	7.4	25.0
SET_0	50	1H7MA	K22A	0.430	7.4	25.0
SET_0	50	1H7MA	E50A	0.570	7.4	25.0
SET_0	50	1H7MA	R21A	0.070	7.4	25.0
SET_0	50	1H7MA	D48A	0.360	7.4	25.0
SET_0	50	1H7MA	R42A	0.330	7.4	25.0
SET_0	50	1H7MA	R92M	0.070	5.4	25.0
SET_0	52	1HMEA	S33H	-1.500	7.0	20.0
SET_0	52	1HMEA	G35H	0.470	7.0	20.0
SET_0	52	1HMEA	I34H	-1.230	7.0	20.0
SET_0	115	2WQGA	V11A	0.400	6.0	49.0
SET_0	115	2WQGA	V11G	0.100	6.0	49.0
SET_0	115	2WQGA	V10G	-0.700	6.0	49.0
SET_0	115	2WQGA	Q33A	0.100	6.0	49.0
SET_0	115	2WQGA	S6A	0.100	6.0	49.0
SET_0	115	2WQGA	D15A	0.300	6.0	49.0
SET_0	7	1CSPA	F38A	0.150	7.0	25.0
SET_0	7	1MJCA	F18S	-1.540	7.0	25.0
SET_0	7	1CSPA	E53Q	0.190	7.5	55.0
SET_0	7	1CSPA	K39Q	-0.070	7.5	55.0
SET_0	7	1CSPA	K65I	1.540	7.0	0.0
SET_0	7	1C9OA	N55K	0.100	7.0	75.0
SET_0	7	1CSPA	E42K	0.120	7.5	55.0
SET_0	7	1MJCA	T68W	0.700	7.0	25.0
SET_0	7	1C9OA	T31S	0.170	7.0	70.0
SET_0	7	1C9OA	Q2L	0.410	7.0	25.0
SET_0	7	1C9OA	Q53E	-0.100	7.0	70.0
SET_0	7	1C9OA	L66E	-1.270	7.0	70.0
SET_0	7	1CSPA	N55K	0.100	7.5	55.0
SET_0	7	1MJCA	Y42W	0.100	7.0	25.0
SET_0	7	1C9OA	E50W	0.300	7.0	25.0
SET_0	7	1CSPA	E3R	1.600	7.5	55.0
SET_0	7	1MJCA	F31S	-1.030	7.0	25.0
SET_0	7	1CSPA	E43Q	0.050	7.5	55.0
SET_0	7	1C9OA	R3E	-1.000	7.0	70.0
SET_0	7	1CSPA	E3K	2.020	7.0	0.0
SET_0	7	1CSPA	L2R	-0.360	7.0	0.0
SET_0	7	1CSPA	E66K	1.250	7.0	0.0
SET_0	7	1CSPA	K13E	-0.430	7.5	55.0
SET_0	7	1CSPA	S48R	0.960	7.0	0.0
SET_0	7	1CSPA	F17A	-1.340	7.0	60.0
SET_0	7	1CSPA	E3V	1.100	7.0	0.0
SET_0	7	1CSPA	M1R	0.940	7.0	0.0
SET_0	7	1C9OA	H29E	-0.480	7.0	75.0
SET_0	7	1CSPA	N55D	0.450	7.5	55.0
SET_0	7	1CSPA	V20Q	-1.900	7.5	55.0
SET_0	7	1MJCA	S52W	-0.200	7.0	25.0
SET_0	7	1CSPA	D25Q	-0.410	7.5	55.0
SET_0	7	1MJCA	F20L	-0.310	7.0	25.0
SET_0	7	1CSPA	E66L	1.430	7.0	70.0
SET_0	7	1CSPA	S48E	0.050	7.5	55.0
SET_0	7	1CSPA	K65Q	-0.290	7.5	55.0
SET_0	7	1CSPA	E3Q	1.050	7.5	55.0
SET_0	7	1CSPA	S48K	0.720	7.5	55.0
SET_0	7	1MJCA	F18L	-1.000	7.0	25.0
SET_0	7	1CSPA	A46L	0.550	7.0	0.0
SET_0	7	1CSPA	T64R	0.600	7.0	0.0
SET_0	7	1CSPA	E43K	0.220	7.5	55.0
SET_0	7	1CSPA	V20K	-2.040	7.5	55.0
SET_0	7	1CSPA	N10K	-1.470	7.5	55.0
SET_0	7	1CSPA	R56Q	0.240	7.5	55.0
SET_0	7	1CSPA	A46K	0.770	7.0	0.0
SET_0	7	1CSPA	A46E	-0.600	7.0	0.0
SET_0	7	1CSPA	D24K	-0.410	7.5	55.0
SET_0	7	1C9OA	R3K	-0.190	7.0	70.0
SET_0	7	1C9OA	R56E	0.530	7.0	75.0
SET_0	7	1MJCA	F20S	-1.160	7.0	25.0
SET_0	7	1CSPA	N10D	0.330	7.5	55.0
SET_0	7	1CSPA	E43S	0.190	7.0	0.0
SET_0	7	1CSPA	E66V	1.130	7.0	0.0
SET_0	7	1CSPA	E3L	1.180	7.0	0.0
SET_0	7	1C9OA	R3L	-0.220	7.0	70.0
SET_0	33	1ARRA	F10A	-2.700	7.5	25.0
SET_0	33	1ARRA	S35G	-0.460	7.5	25.0
SET_0	33	1ARRA	Q39A	0.100	7.5	25.0
SET_0	33	1ARRA	Q39G	-1.220	7.5	25.0
SET_0	33	1ARRA	R16G	-1.550	7.5	25.0
SET_0	33	1ARRA	Q9G	0.680	7.5	25.0
SET_0	33	1ARRA	L19Q	-1.800	7.5	25.0
SET_0	33	1ARRA	K46G	-1.600	7.5	25.0
SET_0	33	1ARRA	P8A	2.900	7.5	25.0
SET_0	33	1ARRA	E27A	0.400	7.5	25.0
SET_0	33	1ARRA	R13G	0.360	7.5	25.0
SET_0	33	1ARRA	M4A	0.200	7.5	25.0
SET_0	33	1ARRA	K24G	-2.450	7.5	25.0
SET_0	33	1ARRA	S35A	0.200	7.5	25.0
SET_0	33	1ARRA	K47G	-1.160	7.5	25.0
SET_0	33	1ARRA	W14A	-4.000	7.5	25.0
SET_0	33	1ARRA	R16A	0.200	7.5	25.0
SET_0	33	1ARRA	E17G	-1.190	7.5	25.0
SET_0	33	1ARRA	M7A	-0.600	7.5	25.0
SET_0	33	1ARRA	P8L	2.490	7.5	25.0
SET_0	33	1ARRA	K2A	0.100	7.5	25.0
SET_0	33	1ARRA	S5A	0.100	7.5	25.0
SET_0	33	1ARRA	K24T	-1.200	7.5	25.0
SET_0	33	1ARRA	I37V	-1.370	7.5	25.0
SET_0	33	1ARRA	N11A	0.500	7.5	25.0
SET_0	33	1ARRA	N34G	0.640	7.5	25.0
SET_0	33	1ARRA	R23G	-2.140	7.5	25.0
SET_0	33	1ARRA	E28G	-1.690	7.5	25.0
SET_0	35	1BA3A	H489K	-0.290	7.8	25.0
SET_0	35	1BA3A	H489D	0.290	7.8	25.0
SET_0	35	1BA3A	H461D	-1.740	7.8	25.0
SET_0	35	1BA3A	H489M	-0.260	7.8	25.0
SET_0	69	1O6XA	I75A	-1.600	7.0	25.0
SET_0	69	1O6XA	I23V	0.160	7.0	25.0
SET_0	69	1O6XA	Y73L	-2.940	7.0	25.0
SET_0	69	1O6XA	V64G	-0.800	7.0	25.0
SET_0	69	1O6XA	Q60G	-0.450	7.0	25.0
SET_0	69	1O6XA	E20G	-1.210	7.0	25.0
SET_0	69	1O6XA	D38A	0.180	7.0	25.0
SET_0	69	1O6XA	N58A	-0.240	7.0	25.0
SET_0	69	1O6XA	F39L	-1.990	7.0	25.0
SET_0	69	1O6XA	F65A	-1.290	7.0	25.0
SET_0	69	1O6XA	A50G	-1.550	7.0	25.0
SET_0	2	1LVEA	S97T	-0.300	7.5	25.0
SET_0	2	2IMMA	A100G	0.020	7.4	20.0
SET_0	2	1FH5L	I3E	-2.870	7.4	25.0
SET_0	2	1LVEA	K39T	-2.600	7.5	25.0
SET_0	2	1LVEA	K30T	-1.300	7.5	25.0
SET_0	2	1FH5L	D71N	-0.140	7.0	25.0
SET_0	2	2IMMA	M21L	-0.310	7.4	20.0
SET_0	2	1FH5L	T103S	-0.960	7.4	25.0
SET_0	2	1LVEA	K30R	-1.000	7.5	25.0
SET_0	2	2IMMA	Q79E	-0.410	7.4	20.0
SET_0	2	2IMMA	P43S	-0.170	7.4	20.0
SET_0	2	1LVEA	T94H	0.700	7.5	25.0
SET_0	2	1OPGL	S102T	0.720	7.4	25.0
SET_0	2	1LVEA	I106L	-1.200	7.5	25.0
SET_0	2	2MMXA	F2A	-1.900	7.4	25.0
SET_0	2	2IMMA	A15L	1.360	7.4	20.0
SET_0	2	2MMXA	F2S	-1.900	7.4	25.0
SET_0	2	1LVEA	Y96Q	-1.000	7.5	25.0
SET_0	2	1LVEA	Q89N	-1.600	7.5	25.0
SET_0	2	1LVEA	Q89H	-0.800	7.5	25.0
SET_0	2	2MMXA	F2P	-2.500	7.4	25.0
SET_0	2	1LVEA	Q38N	-1.100	7.5	25.0
SET_0	2	2IMMA	K24R	-0.170	7.4	20.0
SET_0	2	1LVEA	L15P	-1.500	7.5	25.0
SET_0	2	1LVEA	Y96P	-1.600	7.5	25.0
SET_0	2	1LVEA	P40L	-1.700	7.5	25.0
SET_0	2	2IMMA	L106I	0.360	7.4	20.0
SET_0	2	2IMMA	M21I	0.240	7.4	20.0
SET_0	2	1FH5L	G58E	-1.270	7.0	25.0
SET_0	2	1LVEA	M4L	1.100	7.5	25.0
SET_0	2	1OPGL	E2I	0.670	7.4	25.0
SET_0	2	2IMMA	N90Q	1.050	7.4	20.0
SET_0	11	5NP8A	A354P	-4.900	7.4	25.0
SET_0	11	5NP8A	I47N	-3.300	7.4	25.0
SET_0	11	5NP8A	S320N	-5.700	7.4	25.0
SET_0	11	3PGKA	W333Y	-1.400	7.5	25.0
SET_0	11	3PGKA	H388Q	-0.840	6.5	25.0
SET_0	11	2WZBA	T377P	-4.800	7.4	25.0
SET_0	11	3PGKA	Y48W	-1.770	7.5	25.0
SET_0	11	5NP8A	L89P	-4.200	7.4	25.0
SET_0	11	3PGKA	F194W	-0.640	7.5	25.0
SET_0	11	3PGKA	Y122W	-1.290	7.5	25.0
SET_0	13	1A5EA	L121R	0.660	8.5	20.0
SET_0	13	1IHBA	F37H	-1.240	7.5	25.0
SET_0	13	1A5EA	W15D	0.170	8.5	20.0
SET_0	13	1IHBA	R55V	-0.320	7.5	25.0
SET_0	13	1A5EA	L37S	0.710	8.5	20.0
SET_0	12	1CAHA	H107Y	-3.000	7.5	4.0
SET_0	12	1CAHA	H107N	-2.800	7.5	4.0
SET_0	12	1CAHA	C206S	0.800	7.5	23.0
SET_0	12	1CAHA	P202A	-1.100	7.5	23.0
SET_0	12	1CAHA	H107F	-1.400	7.5	4.0
SET_0	12	12CAA	G145R	-0.360	7.5	25.0
SET_0	19	1FLVA	G87L	-0.210	7.0	44.3
SET_0	19	1FTGA	D126K	0.580	7.0	44.3
SET_0	19	1FTGA	Q111A	-0.410	7.0	44.2
SET_0	19	1FTGA	I59A	1.050	7.0	25.0
SET_0	19	1FTGA	Q111G	-0.220	7.0	43.4
SET_0	19	1FTGA	A142V	0.560	7.0	25.0
SET_0	19	1FTGA	V160A	-2.460	7.0	25.0
SET_0	19	1FTGA	I22G	-0.170	7.0	43.4
SET_0	19	1FTGA	E72K	1.040	7.0	25.0
SET_0	19	1FTGA	E20K	0.710	7.0	44.3
SET_0	19	1FTGA	I21G	-0.740	7.0	25.0
SET_0	19	1FTGA	K81M	-2.430	7.0	25.0
SET_0	19	1FTGA	E40K	1.120	7.0	44.3
SET_0	19	1FLVA	G87V	0.120	7.0	44.3
SET_0	19	1FTGA	G68A	0.360	7.0	44.2
SET_0	19	1FTGA	D75K	0.730	7.0	44.3
SET_0	19	1FTGA	Q99L	0.410	7.0	25.0
SET_0	19	1FTGA	T122S	0.110	7.0	44.3
SET_0	19	1FTGA	I21A	0.370	7.0	44.2
SET_0	19	1FTGA	D150K	-0.280	7.0	25.0
SET_0	19	1FLVA	F7L	-0.040	6.0	25.0
SET_0	19	1FLVA	A101L	0.080	7.0	25.0
SET_0	19	1FTGA	Q63L	0.130	7.0	25.0
SET_0	19	1FLVA	V18L	0.090	7.0	44.3
SET_0	19	1FLVA	V18I	0.440	7.0	44.3
SET_0	19	1FTGA	Q99A	0.490	7.0	44.3
SET_0	19	1FTGA	W66F	-0.830	7.0	25.0
SET_0	18	1FKBA	R57K	-0.300	6.5	21.5
SET_0	18	1FKBA	S67E	-1.550	6.5	21.5
SET_0	18	1FKBA	R18K	0.200	6.5	21.5
SET_0	18	1FKJA	R57G	-2.280	7.5	25.0
SET_0	18	1FKBA	M49R	0.140	6.5	21.5
SET_0	18	1FKBA	T96D	-2.920	6.5	21.5
SET_0	18	1FKBA	H94N	0.660	6.5	21.5
SET_0	18	1FKBA	Q3E	-0.340	6.5	21.5
SET_0	18	1FKBA	E31Q	0.030	6.5	21.5
SET_0	18	1FKBA	D32N	0.080	6.5	21.5
SET_0	18	1FKBA	T21K	-1.270	6.5	21.5
SET_0	18	1FKJA	T27V	0.230	7.5	25.0
SET_0	18	1FKJA	T21V	0.860	7.5	25.0
SET_0	18	1FKBA	K17D	-1.910	6.5	21.5
SET_0	18	1FKBA	K44E	0.130	6.5	21.5
SET_0	18	1FKBA	K105N	0.140	6.5	21.5
SET_0	18	1FKBA	Q70D	-2.670	6.5	21.5
SET_0	116	2ZAJA	D23S	0.080	7.0	46.8
SET_0	48	1G3PA	D160Y	-0.070	7.0	15.0
SET_0	48	1G3PA	D160L	-0.550	7.0	15.0
SET_0	48	1G3PA	D160N	0.070	7.0	15.0
SET_0	48	1G3PA	N138G	0.760	7.0	40.0
SET_0	48	1G3PA	F136V	-3.700	7.0	40.0
SET_0	48	1G3PA	D160M	-0.500	7.0	15.0
SET_0	48	1G3PA	D160T	-0.740	7.0	15.0
SET_0	48	1G3PA	D160W	-0.170	7.0	15.0
SET_0	48	1G3PA	D160S	-0.290	7.0	15.0
SET_0	48	1G3PA	D160R	-0.670	7.0	15.0
SET_0	48	1G3PA	D160K	-0.330	7.0	15.0
SET_0	48	1G3PA	Q145N	0.260	7.0	40.0
SET_0	48	1G3PA	D160I	-0.930	7.0	15.0
SET_0	48	1G3PA	N139V	-2.030	7.0	40.0
SET_0	48	1G3PA	D160C	-0.100	7.0	15.0
SET_0	48	1G3PA	D160V	-1.120	7.0	15.0
SET_0	48	1G3PA	D160E	-0.360	7.0	15.0
SET_0	48	1G3PA	R144V	0.760	7.0	40.0
SET_0	48	1G3PA	A147K	-0.290	7.0	40.0
SET_0	48	1G3PA	N139K	-0.600	7.0	15.0
SET_0	48	1G3PA	D160H	0.050	7.0	15.0
SET_0	48	1G3PA	D160Q	-0.480	7.0	15.0
SET_0	48	1G3PA	D160P	-0.650	7.0	15.0
SET_0	48	1G3PA	D160F	-0.360	7.0	15.0
SET_0	48	1G3PA	Q137N	-1.790	7.0	40.0
SET_0	44	1E0LA	Y19L	-1.280	7.0	25.0
SET_0	44	1E0LA	W30F	0.520	7.0	25.0
SET_0	44	1E0LA	W30A	-0.970	7.0	25.0
SET_0	44	1E0LA	Y11R	0.630	7.0	25.0
SET_0	45	1FNFA	L1408P	-0.020	7.0	25.0
SET_1	23	1OIAA	Q54E	0.300	7.0	22.0
SET_1	23	1OIAA	F56W	1.100	7.0	22.0
SET_1	23	1OIAA	Y13T	-1.300	7.0	22.0
SET_1	23	1OIAA	Y78D	-5.100	7.0	22.0
SET_1	23	1OIAA	Y31S	-2.300	7.0	22.0
SET_1	23	1OIAA	Y86T	-2.900	7.0	22.0
SET_1	23	1OIAA	Q54N	-0.600	7.0	22.0
SET_1	23	1OIAA	F56Y	0.200	7.0	22.0
SET_1	23	1OIAA	Y13F	-0.700	7.0	22.0
SET_1	23	2K3KA	Y10F	1.400	7.0	22.0
SET_1	23	1OIAA	G53V	0.200	7.0	22.0
SET_1	4	2AFGA	H93N	0.290	6.6	25.0
SET_1	4	2AFGA	G62N	-0.790	6.6	25.0
SET_1	4	2AFGA	L44W	-0.810	6.6	25.0
SET_1	4	2AFGA	L73V	-1.460	6.6	40.2
SET_1	4	2AFGA	C83A	-1.390	7.5	25.0
SET_1	4	2AFGA	C117A	0.430	7.5	25.0
SET_1	4	2AFGA	S47I	1.900	7.5	39.8
SET_1	4	1K5UA	D70N	0.600	6.6	25.0
SET_1	4	2AFGA	F85W	-0.070	6.6	0.0
SET_1	4	2AFGA	H93G	1.600	6.6	39.6
SET_1	4	2AFGA	C117S	-0.260	6.6	39.6
SET_1	4	2AFGA	C117I	-0.360	6.6	25.0
SET_1	4	1K5UA	L26N	1.050	6.6	25.0
SET_1	4	2AFGA	H21Y	0.750	7.3	39.8
SET_1	4	1JY0A	K12V	1.600	6.6	25.0
SET_1	4	2AFGA	Q40P	1.500	7.5	39.8
SET_1	4	1K5UA	D68N	0.330	6.6	25.0
SET_1	4	2AFGA	H102Y	0.400	7.3	39.8
SET_1	4	1JY0A	K12C	1.960	6.6	25.0
SET_1	4	1JQZA	C117T	-0.310	8.0	25.0
SET_1	4	2AFGA	C117V	0.020	7.5	25.0
SET_1	4	2AFGA	L44F	0.500	7.5	40.3
SET_1	4	1JY0A	P134T	1.410	6.6	25.0
SET_1	4	2AFGA	C83V	-2.840	7.5	25.0
SET_1	4	2AFGA	C83S	-1.840	6.6	25.0
SET_1	4	1JY0A	P134C	1.410	6.6	25.0
SET_1	4	2AFGA	L44P	0.690	6.6	40.2
SET_1	4	1JY0A	K12T	1.240	6.6	25.0
SET_1	4	2AFGA	C16S	-2.720	6.6	25.0
SET_1	4	2AFGA	C83T	-1.460	7.5	25.0
SET_1	4	2AFGA	F132W	0.290	6.6	0.0
SET_1	4	1K5UA	L26D	-1.310	6.6	25.0
SET_1	4	1JY0A	P134V	1.150	6.6	25.0
SET_1	4	2AFGA	N106G	0.380	6.6	25.0
SET_1	57	1J8IA	K25A	0.100	6.0	25.0
SET_1	57	1J8IA	R23A	0.800	6.0	25.0
SET_1	57	1J8IA	R43A	0.700	6.0	25.0
SET_1	57	1J8IA	K66A	0.100	6.0	25.0
SET_1	56	1ITMA	C24T	-3.000	6.0	15.0
SET_1	56	1ITMA	C3T	-4.600	6.0	20.0
SET_1	56	1ITMA	W91S	1.400	7.0	25.0
SET_1	117	3C2IA	F155S	-0.430	7.5	25.0
SET_1	117	3C2IA	P152R	-1.460	7.5	25.0
SET_1	89	1TTGA	L19T	0.300	6.0	30.0
SET_1	82	1RROA	P21A	-0.740	7.4	53.6
SET_1	81	1RN1A	A21G	-1.100	7.4	25.0
SET_1	81	1RN1A	D49H	1.100	7.0	25.0
SET_1	81	1RN1A	A21D	-0.710	7.0	0.0
SET_1	81	1RN1A	A21Q	-0.400	7.0	0.0
SET_1	81	1RN1A	W59Y	-0.930	6.0	25.0
SET_1	81	1RN1A	D76S	-3.300	7.0	15.0
SET_1	81	1RN1A	V89T	-3.070	7.0	25.0
SET_1	81	1RN1A	V89S	-4.870	7.0	25.0
SET_1	81	1RN1A	N81A	2.910	7.0	50.9
SET_1	81	1RN1A	V16S	-4.710	7.0	25.0
SET_1	81	1RN1A	Y68F	1.350	7.0	50.9
SET_1	81	1RN1A	A21E	-0.690	7.0	0.0
SET_1	81	1RN1A	V78T	-3.100	7.0	25.0
SET_1	81	1RN1A	A21H	-0.170	7.0	0.0
SET_1	81	1RN1A	A21S	-0.400	7.0	0.0
SET_1	81	1RN1A	V16C	-5.300	7.0	25.0
SET_1	81	1RN1A	V89C	-3.540	7.0	25.0
SET_1	81	1RN1A	V78C	-3.670	7.0	25.0
SET_1	81	1RN1A	Y57F	0.440	7.0	50.9
SET_1	81	1RN1A	Y56F	0.710	7.0	50.9
SET_1	81	1RN1A	Y11F	2.030	7.0	50.9
SET_1	81	1RN1A	Y24W	1.240	6.0	25.0
SET_1	81	1RN1A	V78S	-4.730	7.0	25.0
SET_1	119	3DV0I	I130G	-1.400	5.5	52.0
SET_1	119	3DV0I	Y138F	-2.000	5.5	52.0
SET_1	119	3DV0I	V149G	-4.100	5.5	52.0
SET_1	119	3DV0I	L159G	-1.900	5.5	52.0
SET_1	119	3DV0I	I146A	-2.700	5.5	51.9
SET_1	119	3DV0I	L167A	-1.200	5.5	52.0
SET_1	106	2LTBA	M619K	-3.340	7.4	25.0
SET_1	106	2LTBA	L569R	-3.110	7.4	25.0
SET_1	106	2LTBA	R555W	1.790	7.4	25.0
SET_1	106	2LTBA	L558P	-1.570	7.4	25.0
SET_1	106	2LTBA	R533Q	-1.100	7.4	25.0
SET_1	106	2LTBA	R555Q	-0.360	7.4	25.0
SET_1	104	2JYSA	T28D	0.060	6.0	37.0
SET_1	104	2JYSA	S25T	0.440	6.0	37.0
SET_1	104	2JYSA	Q8R	-0.160	6.0	37.0
SET_1	104	2JYSA	H22L	-0.270	6.0	37.0
SET_1	32	1AM7A	H31D	-1.600	7.0	25.0
SET_1	36	1BNIA	G34S	-2.900	6.3	25.0
SET_1	36	1BNIA	T6Q	-1.870	6.3	25.0
SET_1	36	1BNIA	R59A	0.640	6.3	25.0
SET_1	36	1BNIA	Y13G	-6.400	6.3	25.0
SET_1	36	1BNIA	T6N	-1.270	6.3	25.0
SET_1	36	1BNIA	A32K	-0.100	6.3	25.0
SET_1	36	1BNIA	H18G	-0.700	6.3	25.0
SET_1	36	1BNIA	D12G	-0.880	6.3	25.0
SET_1	36	1BNIA	K62R	-0.320	6.3	25.0
SET_1	36	1BNIA	W94L	-0.660	9.0	25.0
SET_1	36	1BNIA	A32S	-0.160	6.3	25.0
SET_1	36	1BNIA	R69K	-3.130	6.3	25.0
SET_1	36	1BNIA	I88L	-0.020	6.3	25.0
SET_1	36	1BNIA	D22M	-0.270	4.4	25.0
SET_1	36	1BNIA	A32P	-4.120	6.3	25.0
SET_1	36	1BNIA	T6P	-3.300	6.3	25.0
SET_1	36	1BNIA	T6E	-0.270	6.3	25.0
SET_1	36	1BNIA	H18Q	-1.440	6.3	25.0
SET_1	36	1BNIA	I55T	-1.240	6.3	25.0
SET_1	36	1BNIA	Q15G	-1.600	6.3	25.0
SET_1	36	1BNIA	S28G	-0.500	6.3	25.0
SET_1	36	1BNIA	D12A	0.110	6.3	25.0
SET_1	36	1BNIA	A32R	-0.200	6.3	25.0
SET_1	36	1BNIA	T6D	0.110	6.3	25.0
SET_1	36	1BNIA	N41D	-2.520	6.3	25.0
SET_1	36	1BNIA	L89T	-2.900	6.3	25.0
SET_1	36	1BNIA	I96G	-5.700	6.3	25.0
SET_1	36	1BNIA	D8S	-0.700	6.3	25.0
SET_1	36	1BNIA	R69S	-2.720	6.3	25.0
SET_1	36	1BNIA	N5A	-1.850	6.3	25.0
SET_1	36	1BNIA	V10T	-2.480	6.3	25.0
SET_1	36	1BNIA	T26N	-1.290	6.3	25.0
SET_1	36	1BNIA	A32H	-0.700	6.3	25.0
SET_1	36	1BNIA	T6H	-2.650	4.4	25.0
SET_1	36	1BNIA	A32C	-1.850	6.3	25.0
SET_1	36	1BNIA	K27G	0.200	6.3	25.0
SET_1	36	1BNIA	T26E	-0.050	6.3	25.0
SET_1	36	1BNIA	Q31S	0.280	6.3	25.0
SET_1	36	1BNIA	R83K	-4.130	6.3	25.0
SET_1	36	1BNIA	G34K	-2.700	6.3	25.0
SET_1	36	1BNIA	L33Q	-1.300	6.3	25.0
SET_1	36	1BNIA	H18D	-2.200	6.3	25.0
SET_1	36	1BNIA	T26G	-1.580	6.3	25.0
SET_1	36	1BNIA	K19R	0.880	6.3	25.0
SET_1	36	1BNIA	H18R	-1.000	6.3	25.0
SET_1	36	1BNIA	G65S	0.980	6.3	25.0
SET_1	36	1BNIA	A32D	-0.410	6.3	25.0
SET_1	36	1BNIA	G34N	-2.700	6.3	25.0
SET_1	36	1BNIA	S28E	0.610	6.3	25.0
SET_1	36	1BNIA	G34D	-3.200	6.3	25.0
SET_1	36	1BNIA	K66A	0.980	6.3	25.0
SET_1	36	1BNIA	R83Q	-1.580	4.4	25.0
SET_1	36	1BNIA	G34R	-2.800	6.3	25.0
SET_1	36	1BNIA	D44E	-0.320	6.3	25.0
SET_1	36	1BNIA	A32Y	-0.700	6.3	25.0
SET_1	36	1BNIA	Q15I	1.380	6.3	25.0
SET_1	36	1BNIA	Y17G	-4.070	6.3	25.0
SET_1	36	1BNIA	A32W	-1.140	6.3	25.0
SET_1	36	1BNIA	D8G	-1.100	6.3	25.0
SET_1	36	1BNIA	T26V	-2.310	6.3	25.0
SET_1	36	1BNIA	A32L	0.080	6.3	25.0
SET_1	36	1BNIA	D12S	-0.900	6.3	25.0
SET_1	36	1BNIA	W94F	-1.060	5.8	25.0
SET_1	36	1BNIA	R69M	-2.860	4.4	25.0
SET_1	36	1BNIA	T100G	-2.800	6.3	25.0
SET_1	36	1BNIA	H18S	-2.100	6.3	25.0
SET_1	36	1BNIA	Y17S	-2.000	6.3	25.0
SET_1	36	1BNIA	G34T	-3.200	6.3	25.0
SET_1	36	1BNIA	H18A	-1.900	6.3	25.0
SET_1	36	1BNIA	A32F	-0.430	6.3	25.0
SET_1	36	1BNIA	R72G	-2.500	6.3	25.0
SET_1	36	1BNIA	A32Q	-0.350	6.3	25.0
SET_1	36	1BNIA	K108R	0.780	6.3	25.0
SET_1	36	1BNIA	I55G	-3.100	6.3	25.0
SET_1	36	1BNIA	V36T	-1.150	6.3	25.0
SET_1	36	1BNIA	A32I	-0.680	6.3	25.0
SET_1	36	1BNIA	T16R	0.200	4.4	25.0
SET_1	36	1BNIA	S28A	0.600	6.3	25.0
SET_1	36	1BNIA	L95G	-4.700	6.3	25.0
SET_1	36	1BNIA	Q31G	-1.100	6.3	25.0
SET_1	36	1BNIA	A32N	-0.330	6.3	25.0
SET_1	36	1BNIA	A32M	-0.080	6.3	25.0
SET_1	36	1BNIA	T79V	0.180	6.3	25.0
SET_1	36	1BNIA	H18K	-0.900	6.3	25.0
SET_1	36	1BNIA	I76T	-2.690	6.3	25.0
SET_1	36	1BNIA	G34H	-2.600	4.4	25.0
SET_1	36	1BNIA	A32E	0.130	6.3	25.0
SET_1	36	1BNIA	N58D	0.310	6.3	25.0
SET_1	36	1BNIA	W94Y	-0.990	9.0	25.0
SET_1	36	1BNIA	Y24F	0.090	6.3	25.0
SET_1	36	1BNIA	T26Q	-1.720	6.3	25.0
SET_1	36	1BNIA	H18N	-1.800	6.3	25.0
SET_1	36	1BNIA	A32T	-0.490	6.3	25.0
SET_1	36	1BNIA	E29S	-1.200	6.3	25.0
SET_1	36	1BNIA	Y97G	-6.600	6.3	25.0
SET_1	64	1MBGA	V103I	0.690	7.5	25.0
SET_1	64	1MBGA	V103L	2.440	7.5	25.0
SET_1	99	2H3FA	E12A	1.070	7.0	25.0
SET_1	98	2DRIA	V50E	-3.500	7.7	25.0
SET_1	98	2DRIA	A27T	-3.300	7.7	25.0
SET_1	98	2DRIA	L62C	-2.700	7.6	25.0
SET_1	98	2DRIA	A188C	-1.800	7.6	25.0
SET_1	98	2DRIA	I132A	0.570	7.0	57.5
SET_1	94	1Z1IA	W31F	0.170	7.7	30.0
SET_1	97	2ARFA	H1069Q	-0.960	7.0	20.0
SET_1	15	1BTLA	E48L	0.080	7.0	35.0
SET_1	15	1BTLA	S82H	0.580	7.0	35.0
SET_1	15	1AXBA	R164S	-0.610	7.0	50.6
SET_1	15	1BTLA	G92D	1.090	7.0	35.0
SET_1	15	1BTLA	G78A	0.390	7.0	35.0
SET_1	15	1AXBA	C77S	-0.880	7.0	25.0
SET_1	15	1BTLA	F60Y	0.680	7.0	35.0
SET_1	15	1AXBA	R164H	-1.070	7.7	50.0
SET_1	49	1GLMA	G139A	3.250	4.5	25.0
SET_1	9	2A36A	T22G	3.600	6.0	20.0
SET_1	9	1SHGA	K18F	-2.330	7.0	25.0
SET_1	9	2RPNA	E7L	1.050	8.0	30.0
SET_1	9	1SHGA	F52Y	0.440	7.0	25.0
SET_1	9	1SHGA	K59Y	-0.840	7.0	25.0
SET_1	9	2A36A	T22D	1.500	6.0	25.0
SET_1	9	2A36A	T22N	1.300	6.0	25.0
SET_1	9	1SHGA	K59F	-0.920	7.0	25.0
SET_1	9	2A36A	T22L	0.600	6.0	25.0
SET_1	9	2A36A	T22F	1.300	6.0	25.0
SET_1	9	2RPNA	V21K	0.390	8.0	30.0
SET_1	9	2A36A	T22A	0.400	6.0	25.0
SET_1	9	2A36A	T22S	0.600	6.0	25.0
SET_1	9	1SHGA	D48G	1.700	7.0	25.0
SET_1	79	1RHGA	G73A	1.440	7.0	25.0
SET_2	41	1CHKA	W227F	-2.510	7.0	43.2
SET_2	24	1MGRA	Y84F	-1.000	7.0	25.0
SET_2	24	1RGGA	D79Y	2.900	7.0	52.6
SET_2	24	1RGGA	D79I	2.800	7.0	52.6
SET_2	24	1RGGA	N39D	-1.500	7.0	48.4
SET_2	24	1RGGA	N39S	-2.300	7.0	48.4
SET_2	24	1RGGA	D79K	2.300	7.0	52.6
SET_2	24	1RGGA	D79N	1.800	7.0	52.6
SET_2	24	1RGGA	D17K	-1.100	7.0	25.0
SET_2	24	1RGGA	Y30F	0.400	7.0	25.0
SET_2	24	1RGGA	D25H	0.900	7.0	25.0
SET_2	24	1RGGA	V57T	-4.400	7.0	48.4
SET_2	24	1RGGA	R40E	-0.400	7.0	25.0
SET_2	24	1RGGA	N39A	-2.000	7.0	0.0
SET_2	24	1RGGA	Q38A	0.400	5.5	55.6
SET_2	24	1RGGA	D79H	1.800	7.0	52.6
SET_2	24	1RGGA	D79E	-0.300	7.0	52.6
SET_2	24	1RGGA	T16V	0.300	7.0	48.4
SET_2	24	1RGGA	S48A	0.500	7.0	0.0
SET_2	24	1RGGA	D79L	2.700	7.0	52.6
SET_2	24	1RGGA	V43T	-0.500	7.0	48.4
SET_2	24	1RGGA	T59V	-1.700	7.0	48.4
SET_2	24	1RGGA	D79F	3.000	7.0	52.6
SET_2	24	1RGGA	Q94K	1.100	8.5	45.9
SET_2	24	1RGGA	D79R	2.700	7.0	52.6
SET_2	24	1RGGA	E74K	0.100	5.5	55.6
SET_2	24	1RGGA	D79W	2.300	7.0	52.6
SET_2	25	2RN2A	S68V	1.290	5.5	25.0
SET_2	25	2RN2A	I53F	-3.900	5.5	25.0
SET_2	25	1RILA	L7E	-2.400	5.0	25.0
SET_2	25	2RN2A	I53D	-4.100	5.5	25.0
SET_2	25	1RILA	T9E	-1.900	5.0	25.0
SET_2	25	2RN2A	I53L	-1.400	5.5	25.0
SET_2	25	2RN2A	Q113P	-0.600	5.5	52.0
SET_2	25	2RN2A	H124A	0.170	5.5	25.0
SET_2	25	2RN2A	D94E	-0.400	5.5	49.8
SET_2	25	2RN2A	S68G	-2.200	5.5	25.0
SET_2	25	2RN2A	K117R	0.030	5.5	52.7
SET_2	25	1RILA	V65E	-6.200	5.0	25.0
SET_2	25	2RN2A	G23A	0.500	5.5	52.7
SET_2	25	1RILA	V133E	-3.500	5.0	25.0
SET_2	25	2RN2A	S68T	0.100	5.5	25.0
SET_2	25	1RILA	V133K	-3.800	7.0	25.0
SET_2	25	2RN2A	S68L	-1.000	5.5	25.0
SET_2	25	2RN2A	Q105G	-2.200	5.5	25.0
SET_2	25	1RILA	L107K	-6.600	7.0	25.0
SET_2	25	2RN2A	E119V	0.740	5.5	52.7
SET_2	25	2RN2A	R41C	0.440	5.5	52.7
SET_2	25	2RN2A	H62R	0.360	5.5	52.7
SET_2	25	2RN2A	A24V	0.880	5.5	52.7
SET_2	25	2RN2A	S68A	0.190	5.5	25.0
SET_2	25	2RN2A	D10A	3.300	5.5	25.0
SET_2	25	1RILA	L107E	-6.000	5.0	25.0
SET_2	25	2RN2A	H62D	-0.170	5.5	52.7
SET_2	25	2RN2A	H114A	-2.630	5.5	25.0
SET_2	124	3S4MA	G130V	-2.500	7.0	25.0
SET_2	124	3S4MA	D122Y	-1.300	7.0	25.0
SET_2	124	3S4MA	I154F	0.100	7.0	25.0
SET_2	124	3S4MA	W155R	-0.690	7.0	25.0
SET_2	54	1IOBA	T9L	-3.100	6.5	25.0
SET_2	54	1IOBA	K97G	-2.100	6.5	25.0
SET_2	54	1IOBA	C8A	-2.520	6.5	25.0
SET_2	54	1IOBA	T9A	-2.100	6.5	25.0
SET_2	54	1IOBA	K97R	-3.100	6.5	25.0
SET_2	54	1IOBA	K97V	1.500	6.5	25.0
SET_2	54	1IOBA	N7G	-2.600	6.5	25.0
SET_2	54	1IOBA	C8S	-4.800	6.5	25.0
SET_2	54	1IOBA	T9Q	-2.800	6.5	25.0
SET_2	54	1IOBA	R4P	-0.400	6.5	25.0
SET_2	54	1IOBA	N7D	0.430	6.5	25.0
SET_2	54	1IOBA	R4Q	-1.000	6.5	25.0
SET_2	53	1IO2A	I15A	-2.130	9.0	50.0
SET_2	53	1IO2A	L92A	-2.870	9.0	50.0
SET_2	84	1RX4A	G121S	0.010	7.0	15.0
SET_2	84	1RX4A	G67T	-0.210	7.0	15.0
SET_2	84	1RX4A	G67S	0.070	7.0	15.0
SET_2	84	1RX4A	V88A	0.390	7.2	20.0
SET_2	84	1RX4A	P66A	1.300	7.8	15.0
SET_2	84	1RX4A	I61L	-1.460	7.8	15.0
SET_2	84	1RX4A	G121A	0.500	7.0	15.0
SET_2	84	1RX4A	G121L	-0.380	7.0	15.0
SET_2	84	1RX4A	I155L	-2.800	7.8	15.0
SET_2	84	1RX4A	G67A	0.520	7.0	15.0
SET_2	84	1RX4A	L110V	-1.000	8.0	25.0
SET_2	84	1RX4A	P21L	-0.100	7.8	15.0
SET_2	84	1RX4A	I155V	0.140	7.8	15.0
SET_2	84	1RX4A	G121C	0.090	7.0	15.0
SET_2	84	1RX4A	V88I	0.750	7.2	20.0
SET_2	84	1RX4A	G67L	-0.440	7.0	15.0
SET_2	84	1RX4A	G121V	-1.220	7.0	15.0
SET_2	84	1RX4A	G67V	-0.940	7.0	15.0
SET_2	84	1RX4A	G121H	-0.110	7.0	15.0
SET_2	84	1RX4A	G121D	0.190	7.0	15.0
SET_2	84	1RX4A	C85S	-0.300	7.8	15.0
SET_2	84	1RX4A	I91L	-2.430	7.8	15.0
SET_2	84	1RX4A	G67C	-0.360	7.0	15.0
SET_2	84	1RX4A	G121Y	-0.200	7.0	15.0
SET_2	84	1RX4A	G67D	-0.140	7.0	15.0
SET_2	3	1AG2A	R208H	-1.440	7.0	25.0
SET_2	3	2LSBA	Q212P	-1.230	7.0	25.0
SET_2	3	1XYXA	H187R	-0.740	5.5	0.0
SET_2	3	1XYXA	F198H	-1.790	5.5	0.0
SET_2	3	1AG2A	Q217R	-2.130	7.0	25.0
SET_2	3	1QM0A	V209M	2.700	7.0	25.0
SET_2	3	2LSBA	P105L	-0.200	7.0	25.0
SET_2	3	1AG2A	T190V	-0.170	7.0	25.0
SET_2	3	1B10A	F198W	-0.720	5.5	25.0
SET_2	3	1XYXA	Y155H	0.480	7.0	0.0
SET_2	3	1AG2A	F198S	-2.460	7.0	25.0
SET_2	3	2LSBA	V203I	0.060	7.0	25.0
SET_2	3	1B10A	F175W	-0.480	5.5	25.0
SET_2	3	1AG2A	M129V	-0.330	7.0	25.0
SET_2	3	1XYXA	H187Y	0.790	5.5	0.0
SET_2	109	2PR5A	A81M	-0.400	7.9	25.0
SET_2	109	2PR5A	N107Y	0.800	7.9	25.0
SET_2	109	2PR5A	N124F	1.100	7.9	25.0
SET_2	109	2PR5A	M111F	2.900	7.9	25.0
SET_2	109	2PR5A	H22W	1.200	7.9	25.0
SET_2	109	2PR5A	H22K	0.300	7.9	25.0
SET_2	109	2PR5A	T50M	-0.500	7.9	25.0
SET_2	109	2PR5A	D109E	0.300	7.9	25.0
SET_2	109	2PR5A	N124Y	2.600	7.9	25.0
SET_2	109	2PR5A	N107F	0.900	7.9	25.0
SET_2	109	2PR5A	A33Y	0.500	7.9	25.0
SET_2	109	2PR5A	T54Y	0.200	7.9	25.0
SET_2	100	2IFBA	L89C	-0.600	7.2	20.0
SET_2	31	1A7VA	K97H	-1.970	6.5	25.0
SET_2	31	1A7VA	K49H	-2.020	6.5	25.0
SET_2	31	1A7VA	E73H	-3.010	6.5	25.0
SET_2	31	1A7VA	K20H	-2.880	6.5	25.0
SET_2	31	1A7VA	K84H	-2.880	6.5	25.0
SET_2	31	1A7VA	D58H	-2.050	6.5	25.0
SET_2	31	1A7VA	K31H	-1.360	6.5	25.0
SET_2	31	1A7VA	A104H	-2.690	6.5	25.0
SET_2	31	1A7VA	K39H	-1.860	6.5	25.0
SET_2	31	1A7VA	D3H	-1.370	6.5	25.0
SET_2	31	1A7VA	A91H	-1.700	6.5	25.0
SET_2	30	1A23A	H32S	-5.200	7.0	30.0
SET_2	30	1A23A	C30S	-1.800	7.5	25.0
SET_2	30	1A23A	H32L	-4.600	7.0	30.0
SET_2	30	1A23A	C33S	-1.100	7.5	25.0
SET_2	34	1B5MA	D60R	0.330	7.2	25.0
SET_2	86	1THQA	M157A	-0.770	8.0	25.0
SET_2	86	1THQA	W51A	-0.450	8.0	25.0
SET_2	61	1L6HA	Y45A	-0.550	7.0	25.0
SET_2	61	1L6HA	Y48A	-1.480	7.0	25.0
SET_2	62	1LPEA	R145C	-0.100	7.4	25.0
SET_2	62	1LPEA	R136S	0.200	7.4	25.0
SET_2	62	1LPEA	K146E	1.500	7.4	25.0
SET_2	63	1LS4A	T31A	0.600	7.4	25.0
SET_2	63	1LS4A	A140K	-1.690	7.4	25.0
SET_2	63	1LS4A	L17K	-1.360	7.4	25.0
SET_2	67	1N88A	Y26A	-4.610	6.3	25.0
SET_2	67	1N88A	Y18A	0.060	6.3	25.0
SET_2	67	1N88A	I8V	-1.520	6.3	25.0
SET_2	67	1N88A	F21A	-1.390	6.3	25.0
SET_2	95	2ABDA	D21A	0.420	5.3	5.0
SET_2	95	2ABDA	K52M	0.180	5.3	5.0
SET_2	95	2ABDA	F26A	-1.530	5.3	5.0
SET_2	95	2ABDA	K32R	-2.220	5.3	5.0
SET_2	95	2ABDA	Y73F	0.270	5.3	5.0
SET_2	95	2ABDA	D21H	-0.560	5.3	5.0
SET_2	95	2ABDA	Y28N	-2.230	5.3	5.0
SET_2	95	2ABDA	Y28A	-2.470	5.3	5.0
SET_2	95	2ABDA	K54M	0.270	5.3	5.0
SET_2	95	2ABDA	Y31N	-1.520	5.3	5.0
SET_2	40	1CEYA	F14A	0.800	7.0	25.0
SET_2	40	1CEYA	A101G	-1.000	7.0	25.0
SET_2	40	1CEYA	A113G	-1.300	7.0	25.0
SET_2	40	1CEYA	P61G	-0.600	7.0	25.0
SET_2	1	4LYZA	T40I	-2.200	6.4	74.0
SET_2	1	1EL1A	A93S	-0.260	4.5	66.4
SET_2	1	1HFYA	W60A	-2.550	7.0	25.0
SET_2	1	1HFZA	Y103A	-2.390	7.4	0.0
SET_2	1	4LYZA	D101G	0.450	6.4	74.0
SET_2	1	4LYZA	W108Y	-1.360	4.5	35.0
SET_2	1	1LZ1A	Q58G	2.060	4.0	10.0
SET_2	1	1HFZA	V42N	-0.240	7.4	0.0
SET_2	1	1HFZA	K114E	-0.650	7.4	0.0
SET_2	1	1LZ1A	H78G	-0.530	4.0	10.0
SET_2	1	4LYZA	F3Y	-0.450	6.4	74.0
SET_2	1	1HFZA	A106S	-1.050	7.4	0.0
SET_2	1	4LYZA	E35A	1.140	4.0	35.0
SET_2	1	4LYZA	E35H	-1.560	5.0	35.0
SET_2	1	4LYZA	N19K	-1.060	6.4	74.0
SET_2	1	1HFZA	H32Y	0.070	7.4	0.0
SET_2	1	1HFZA	W118H	-0.600	7.4	0.0
SET_2	1	1EL1A	H21G	-0.480	4.5	66.4
SET_2	1	1HFZA	W118Y	-1.170	7.4	0.0
SET_2	1	4LYZA	A31I	1.400	6.4	74.0
SET_2	1	1HFYA	T29I	4.400	7.0	25.0
SET_2	1	4LYZA	R68K	-0.040	6.4	74.0
SET_2	1	4LYZA	I55T	-4.960	6.4	74.0
SET_2	1	1HFZA	Y103P	-0.220	7.4	0.0
SET_2	1	1HFZA	L110H	1.390	7.4	0.0
SET_2	1	1HFYA	A30I	2.400	7.0	25.0
SET_2	1	4LYZA	D101P	-2.400	5.5	35.0
SET_2	1	1HFYA	A30T	1.700	7.0	25.0
SET_2	1	1HFZA	L110E	-0.190	7.4	0.0
SET_2	1	4LYZA	A31V	1.200	6.4	74.0
SET_2	1	4LYZA	S91V	-0.080	6.4	74.0
SET_2	1	4LYZA	W108Q	-3.610	4.0	35.0
SET_2	1	4LYZA	D101Q	-0.080	6.4	74.0
SET_2	1	1EL1A	V109K	-0.430	4.5	66.4
SET_2	1	4LYZA	I55L	-0.450	6.4	74.0
SET_2	1	4LYZA	R21Q	-0.150	6.4	74.0
SET_2	1	4LYZA	H15L	0.760	6.4	74.0
SET_2	1	4LYZA	D101F	0.720	6.4	74.0
SET_2	1	4LYZA	D101A	0.760	6.4	74.0
SET_2	1	4LYZA	G102V	-0.040	6.4	74.0
SET_2	1	4LYZA	I55M	-2.270	6.4	74.0
SET_2	1	4LYZA	Q121H	-0.450	6.4	74.0
SET_2	1	4LYZA	N77H	-0.380	6.4	74.0
SET_2	1	1HFZA	H107A	-0.790	7.4	0.0
SET_2	1	1EL1A	I56L	-0.240	4.5	66.4
SET_2	1	1HFZA	K114N	2.650	7.4	0.0
SET_2	1	4LYZA	R114H	0.680	6.4	74.0
SET_2	1	4LYZA	I55F	-2.460	6.4	74.0
SET_2	1	4LYZA	E35Q	0.150	5.0	35.0
SET_2	1	4LYZA	R73K	0.230	6.4	74.0
SET_2	1	4LYZA	S91Y	-3.070	6.4	74.0
SET_2	1	1HFZA	H107Y	-0.190	7.4	0.0
SET_2	1	4LYZA	G102R	0.380	6.4	74.0
SET_2	1	1HFYA	V90A	0.730	7.0	25.0
SET_2	1	4LYZA	D101K	0.190	6.4	74.0
SET_2	1	1HFZA	K114Q	-0.600	7.4	0.0
SET_2	1	4LYZA	S91D	-2.310	6.4	74.0
SET_2	1	4LYZA	D101R	0.270	6.4	74.0
SET_2	1	4LYZA	A31L	1.800	6.4	74.0
SET_2	1	1LZ1A	R50G	0.530	4.0	10.0
SET_2	1	1HFZA	H107W	-1.720	7.4	0.0
SET_2	1	1HFYA	T29V	1.860	7.0	25.0
SET_2	1	1HFZA	L110R	0.430	7.4	0.0
SET_2	1	1LZ1A	D67H	-4.540	4.0	10.0
SET_2	1	1HFZA	I59W	-0.930	7.4	0.0
SET_2	1	4LYZA	G102P	-0.100	5.5	35.0
SET_2	1	1HFZA	W104Y	-2.440	7.4	0.0
SET_2	1	4LYZA	T118P	-2.000	5.5	35.0
SET_2	1	4LYZA	D101S	0.870	6.4	74.0
SET_2	1	1HFZA	Q117A	-0.960	7.4	0.0
SET_2	1	4LYZA	F34Y	0.190	6.4	74.0
SET_2	1	1LZ1A	G37Q	-0.860	4.0	10.0
SET_2	77	1QLPA	A183L	1.400	6.5	25.0
SET_2	77	1QLPA	A31I	0.900	6.5	25.0
SET_2	77	1QLPA	Y160A	-0.100	7.8	25.0
SET_2	77	1QLPA	A31L	0.900	6.5	25.0
SET_2	77	1QLPA	A183F	1.500	6.5	25.0
SET_2	77	1QLPA	S330R	-2.020	7.8	25.0
SET_2	77	1QLPA	A183V	3.800	6.5	25.0
SET_2	77	1QLPA	F51L	2.100	6.5	25.0
SET_2	77	1QLPA	V145L	-0.700	6.5	25.0
SET_2	77	1QLPA	A31V	0.600	6.5	25.0
SET_2	77	1QLPA	A284V	0.800	6.5	25.0
SET_2	77	1QLPA	A70G	1.600	6.5	25.0
SET_2	77	1QLPA	K331F	1.310	7.8	25.0
SET_2	77	1QLPA	A248F	1.800	6.5	25.0
SET_2	77	1QLPA	T59A	1.000	6.5	25.0
SET_2	77	1QLPA	V173I	0.500	6.5	25.0
SET_2	77	1QLPA	Y160W	1.300	7.8	25.0
SET_2	77	1QLPA	K331I	0.770	7.8	25.0
SET_2	77	1QLPA	K387R	1.000	6.5	25.0
SET_2	77	1QLPA	F51C	3.600	6.5	54.0
SET_2	77	1QLPA	M358V	0.630	6.5	54.0
SET_2	77	1QLPA	V364I	0.400	6.5	25.0
SET_2	77	1QLPA	A248I	2.200	6.5	25.0
SET_2	77	1QLPA	K331V	0.650	7.8	25.0
SET_2	77	1QLPA	T68A	1.000	6.5	25.0
SET_2	77	1QLPA	K331T	-0.430	7.8	25.0
SET_2	77	1QLPA	A31P	2.500	6.5	25.0
SET_2	77	1QLPA	A250I	-0.400	6.5	25.0
SET_2	77	1QLPA	A183I	1.800	6.5	25.0
SET_2	77	1QLPA	V145I	0.200	6.5	25.0
SET_2	77	1QLPA	W238F	1.200	7.8	25.0
SET_2	77	1QLPA	M374I	1.260	6.5	54.0
SET_3	28	1STNA	M32L	-0.800	7.0	20.0
SET_3	28	1STNA	W140L	-4.500	7.0	20.0
SET_3	28	1STNA	Y27E	-5.000	7.0	20.0
SET_3	28	1STNA	M65L	-0.800	7.0	20.0
SET_3	28	1STNA	K134C	-0.700	7.0	20.0
SET_3	28	1STNA	S128F	-1.000	7.0	20.0
SET_3	28	1STNA	E73F	-1.100	7.0	20.0
SET_3	28	3BDCA	Y91E	-5.500	5.0	25.0
SET_3	28	1STNA	I18M	-0.500	7.0	20.0
SET_3	28	1STNA	V111S	-4.800	7.0	20.0
SET_3	28	3BDCA	I72K	-6.400	7.0	25.0
SET_3	28	1STNA	K45G	0.200	7.0	20.0
SET_3	28	1STNA	E129G	-3.800	7.0	20.0
SET_3	28	1STNA	H124G	-0.500	7.0	20.0
SET_3	28	1STNA	H124E	0.200	7.0	20.0
SET_3	28	1STNA	M98I	-4.400	7.0	20.0
SET_3	28	1STNA	G79D	-2.280	7.0	20.0
SET_3	28	3BDCA	V23E	-5.100	5.0	25.0
SET_3	28	3BDCA	Y91K	-6.800	7.0	25.0
SET_3	28	1STNA	I139M	-0.400	7.0	20.0
SET_3	28	1STNA	L7G	-1.500	7.0	20.0
SET_3	28	1STNA	L37G	-3.850	7.0	20.0
SET_3	28	1STNA	E67F	-1.400	7.0	20.0
SET_3	28	1STNA	L137I	-0.800	7.0	20.0
SET_3	28	1STNA	D77G	-2.200	7.0	20.0
SET_3	28	1STNA	T13G	-1.100	7.0	20.0
SET_3	28	1STNA	L89G	-3.200	7.0	20.0
SET_3	28	1STNA	F34G	-6.200	7.0	20.0
SET_3	28	3BDCA	V23D	-5.400	5.0	25.0
SET_3	28	1STNA	E43A	0.300	7.0	20.0
SET_3	28	3BDCA	V66D	-5.200	5.0	25.0
SET_3	28	1STNA	I92L	-0.600	7.0	20.0
SET_3	28	1STNA	S59G	-1.100	7.0	20.0
SET_3	28	1STNA	E43D	0.200	7.0	20.0
SET_3	28	1STNA	M26G	-2.100	7.0	20.0
SET_3	28	1STNA	Q123F	-0.700	7.0	20.0
SET_3	28	3BDCA	L103K	-5.800	7.0	25.0
SET_3	28	1STNA	H124A	0.400	7.0	20.0
SET_3	28	1STNA	Y27L	-1.500	7.0	20.0
SET_3	28	1STNA	S128G	-1.600	7.0	20.0
SET_3	28	3BDCA	A58K	-4.200	7.0	25.0
SET_3	28	1STNA	H124L	1.150	5.5	39.9
SET_3	28	1STNA	P117F	0.300	7.0	20.0
SET_3	28	3BDCA	I72E	-5.500	5.0	25.0
SET_3	28	1STNA	G29V	-3.000	7.0	20.0
SET_3	28	1STNA	W140Y	-1.100	7.0	20.0
SET_3	28	1STNA	Q80F	-0.700	7.0	20.0
SET_3	28	1STNA	F34C	-2.800	7.6	20.0
SET_3	28	1STNA	M65G	-4.600	7.0	20.0
SET_3	28	1STNA	Y54L	-3.400	7.0	20.0
SET_3	28	1STNA	L36G	-5.300	7.0	20.0
SET_3	28	3BDCA	I72D	-5.600	5.0	25.0
SET_3	28	1STNA	Y54G	-1.900	7.0	20.0
SET_3	28	1STNA	N138G	0.200	7.0	20.0
SET_3	28	1STNA	T82I	0.500	7.0	20.0
SET_3	28	1STNA	E57C	-0.700	7.0	20.0
SET_3	28	1STNA	V51T	0.200	7.0	20.0
SET_3	28	1STNA	T44C	-0.200	7.0	20.0
SET_3	28	1STNA	N68G	-0.500	7.0	20.0
SET_3	28	1STNA	L89F	-1.200	5.38	40.0
SET_3	28	1STNA	P47G	-0.100	7.0	20.0
SET_3	28	3BDCA	V99D	-5.600	5.0	25.0
SET_3	28	1STNA	V23F	-2.300	7.0	20.0
SET_3	28	1STNA	Y27S	-3.000	7.0	20.0
SET_3	28	1STNA	F76G	-4.700	7.0	20.0
SET_3	28	1STNA	K78F	0.100	7.0	20.0
SET_3	28	1STNA	P11G	-1.000	7.0	20.0
SET_3	28	1STNA	Y27D	-5.400	7.0	20.0
SET_3	28	1STNA	A112F	-1.600	7.0	20.0
SET_3	28	1STNA	T82C	-0.100	7.0	20.0
SET_3	28	1STNA	T13C	-1.400	7.0	20.0
SET_3	28	1STNA	T33I	0.600	7.0	20.0
SET_3	28	1STNA	V23S	-4.700	7.0	20.0
SET_3	28	3BDCA	Y91D	-6.400	5.0	25.0
SET_3	28	1STNA	H46G	-0.400	7.0	20.0
SET_3	28	1STNA	Y27N	-4.000	7.0	20.0
SET_3	28	1STNA	P11F	-0.600	7.0	20.0
SET_3	28	1STNA	Y27V	-3.000	7.0	20.0
SET_3	28	1STNA	Y27K	-3.900	7.0	20.0
SET_3	28	1STNA	Y115L	-0.300	7.0	20.0
SET_3	28	1STNA	Y27G	-5.450	7.0	20.0
SET_3	28	1STNA	L125I	-1.000	7.0	20.0
SET_3	28	1STNA	V74T	-3.800	7.0	20.0
SET_3	28	1STNA	I15M	-0.300	7.0	20.0
SET_3	28	1STNA	M26L	-0.500	7.0	20.0
SET_3	28	1STNA	K70F	-0.200	7.0	20.0
SET_3	28	1STNA	P47F	-0.300	7.0	20.0
SET_3	28	1STNA	Y113A	0.100	7.0	20.0
SET_3	28	1STNA	K78C	-0.400	7.0	20.0
SET_3	28	1STNA	V66S	-3.100	7.0	20.0
SET_3	28	1STNA	Y27C	-2.900	7.0	20.0
SET_3	28	1STNA	I92M	-1.600	7.0	20.0
SET_3	28	3BDCA	L103D	-5.700	5.0	25.0
SET_3	28	1STNA	Q106G	-1.500	7.0	20.0
SET_3	28	1STNA	D95F	-5.300	7.0	20.0
SET_3	28	1STNA	A90S	-2.100	7.0	20.0
SET_3	28	1STNA	A102F	-1.900	7.0	20.0
SET_3	28	1STNA	P42G	-0.400	7.0	20.0
SET_3	28	1STNA	G50V	-1.100	7.0	20.0
SET_3	28	1STNA	H124F	0.300	7.0	20.0
SET_3	28	1STNA	L25G	-4.500	7.0	20.0
SET_3	28	1STNA	L89I	-1.100	7.0	20.0
SET_3	28	1STNA	G50F	-0.800	7.0	20.0
SET_3	28	1STNA	I15L	-0.600	7.0	20.0
SET_3	28	3BDCA	V99E	-5.600	5.0	25.0
SET_3	28	1STNA	V99G	-5.000	7.0	20.0
SET_3	28	1STNA	R126G	-2.900	7.0	20.0
SET_3	28	1STNA	V111T	-2.300	7.0	20.0
SET_3	28	3BDCA	I92E	-5.900	5.0	25.0
SET_3	28	3BDCA	T62D	-4.600	5.0	25.0
SET_3	28	1STNA	I18L	-0.200	7.0	20.0
SET_3	28	1STNA	A60C	-1.200	7.0	20.0
SET_3	28	1STNA	Y27H	-1.600	7.0	20.0
SET_3	28	1STNA	I72G	-6.500	7.0	20.0
SET_3	28	3BDCA	G20K	-2.500	7.0	25.0
SET_3	28	1STNA	K28F	-0.900	7.0	20.0
SET_3	28	1STNA	V111G	-4.900	7.0	20.0
SET_3	28	1STNA	L37A	-1.750	7.0	20.0
SET_3	28	1STNA	M32I	-0.600	7.0	20.0
SET_3	28	1STNA	K70C	-0.500	7.0	20.0
SET_3	28	3BDCA	A109K	-4.300	7.0	25.0
SET_3	28	1STNA	D21K	1.000	7.0	20.0
SET_3	28	1STNA	D21G	0.300	7.0	20.0
SET_3	28	1STNA	T22G	-2.400	7.0	20.0
SET_3	28	1STNA	K78Q	-0.100	7.0	20.0
SET_3	28	3BDCA	G20E	-4.300	7.0	25.0
SET_3	28	1STNA	Y91G	-6.700	7.0	20.0
SET_3	28	1STNA	R105C	-2.700	7.0	20.0
SET_3	28	1STNA	Y27I	-2.500	7.0	20.0
SET_3	28	1STNA	M65A	-2.000	7.0	20.0
SET_3	28	3BDCA	A109D	-6.000	5.0	25.0
SET_3	28	1STNA	L14G	-3.700	7.0	20.0
SET_3	28	1STNA	T82G	-2.000	7.0	20.0
SET_3	28	1STNA	Y91L	-3.900	7.0	20.0
SET_3	28	1STNA	M32G	-2.300	7.0	20.0
SET_3	28	3BDCA	L25E	-6.400	5.0	25.0
SET_3	28	1STNA	V74S	-5.400	7.0	20.0
SET_3	28	1STNA	Y85L	-0.100	7.0	20.0
SET_3	28	1STNA	Y85G	-1.000	7.0	20.0
SET_3	28	1STNA	G29C	-1.100	7.0	20.0
SET_3	28	1STNA	I18G	-2.500	7.0	20.0
SET_3	28	1STNA	Y27R	-2.900	7.0	20.0
SET_3	28	1STNA	N118G	-1.900	7.0	20.0
SET_3	28	1STNA	G50A	0.200	7.0	20.0
SET_3	28	1STNA	E52F	-0.700	7.0	20.0
SET_3	28	1STNA	T62C	-1.100	7.0	20.0
SET_3	28	1STNA	V66M	-0.200	7.0	20.0
SET_3	28	1STNA	R87G	-2.600	7.0	20.0
SET_3	28	1STNA	E129F	-4.000	7.0	20.0
SET_3	28	1STNA	T22I	-0.700	7.0	20.0
SET_3	28	1STNA	P31G	-1.600	7.0	20.0
SET_3	28	1STNA	I15G	-3.300	7.0	20.0
SET_3	28	1STNA	E57F	-0.900	7.0	20.0
SET_3	28	1STNA	D21N	1.400	7.0	20.0
SET_3	28	1STNA	K48G	0.200	7.0	20.0
SET_3	28	3BDCA	A132E	-5.800	5.0	25.0
SET_3	28	1STNA	Q106A	0.100	7.0	20.0
SET_3	28	1STNA	V39S	-2.400	7.0	20.0
SET_3	28	3BDCA	G20D	-4.300	7.0	25.0
SET_3	28	1STNA	M65I	-1.500	7.0	20.0
SET_3	28	1STNA	T33C	-1.200	7.0	20.0
SET_3	28	1STNA	D19F	-1.500	7.0	20.0
SET_3	28	1STNA	E75V	-2.300	7.0	20.0
SET_3	28	1STNA	L36C	-2.900	7.6	20.0
SET_3	28	1STNA	D19K	-0.300	7.0	20.0
SET_3	28	3BDCA	A58D	-4.600	5.0	25.0
SET_3	28	1STNA	R81G	-2.200	7.0	20.0
SET_3	28	3BDCA	V104D	-5.300	5.0	25.0
SET_3	28	1STNA	P31A	-0.600	7.0	0.0
SET_3	28	1STNA	E43G	0.500	7.0	20.0
SET_3	28	1STNA	V114G	-0.200	7.0	20.0
SET_3	28	1STNA	G50C	-0.800	7.0	20.0
SET_3	28	1STNA	Q131F	-0.700	7.0	20.0
SET_3	28	1STNA	D40G	-0.500	7.0	20.0
SET_3	28	1STNA	P42A	0.100	7.0	20.0
SET_3	28	3BDCA	V74E	-6.100	5.0	25.0
SET_3	28	1STNA	Y93L	-4.500	7.0	20.0
SET_3	28	1STNA	F61G	-4.800	7.0	20.0
SET_3	28	1STNA	Y27P	-6.100	7.0	20.0
SET_3	28	1STNA	G86F	-2.000	7.0	20.0
SET_3	28	1STNA	R105G	-2.400	7.0	20.0
SET_3	28	1STNA	A69T	-2.700	7.0	20.0
SET_3	28	1STNA	A60F	-0.800	7.0	20.0
SET_3	28	1STNA	M65F	-1.600	7.0	20.0
SET_3	28	1STNA	N119G	-1.300	7.0	20.0
SET_3	28	1STNA	K28Q	-0.300	7.0	20.0
SET_3	28	1STNA	L137G	-4.600	7.0	20.0
SET_3	28	1STNA	T33G	-2.500	7.0	20.0
SET_3	28	1STNA	L38G	-0.600	7.0	20.0
SET_3	28	1STNA	Y113L	0.200	7.0	20.0
SET_3	28	1STNA	R35G	-2.200	7.0	20.0
SET_3	28	1STNA	M26I	-0.900	7.0	20.0
SET_3	28	1STNA	E101F	-3.100	7.0	20.0
SET_3	28	1STNA	H121G	-4.200	7.0	20.0
SET_3	28	3BDCA	A132K	-6.200	7.0	25.0
SET_3	28	1STNA	K64A	0.100	7.0	20.0
SET_3	28	1STNA	R105F	-3.100	7.0	20.0
SET_3	28	1STNA	K116F	-0.100	7.0	20.0
SET_3	28	1STNA	K6G	0.300	7.0	20.0
SET_3	28	1STNA	Y91S	-5.300	7.0	20.0
SET_3	28	1STNA	Y27W	-0.600	7.0	20.0
SET_3	28	1STNA	Y27Q	-3.200	7.0	20.0
SET_3	28	1STNA	T82V	0.200	7.0	20.0
SET_3	28	3BDCA	L103E	-4.200	5.0	25.0
SET_3	28	1STNA	H124Q	0.600	7.0	20.0
SET_3	28	1STNA	G79V	-2.400	7.0	20.0
SET_3	28	1STNA	V104I	0.200	7.0	20.0
SET_3	28	1STNA	Y115G	-0.700	7.0	20.0
SET_3	28	3BDCA	F34E	-5.400	5.0	25.0
SET_3	28	1STNA	Y27M	-2.000	7.0	20.0
SET_3	28	1STNA	V104S	-4.900	7.0	20.0
SET_3	28	1STNA	M26A	-1.500	7.0	20.0
SET_3	28	3BDCA	A58E	-4.300	5.0	25.0
SET_3	28	1STNA	Y27T	-3.300	7.0	20.0
SET_3	28	1STNA	D83F	-5.200	7.0	20.0
SET_3	28	1STNA	G29F	-1.400	7.0	20.0
SET_3	28	1STNA	G96F	-3.000	7.0	20.0
SET_3	28	1STNA	W140H	-0.400	7.0	20.0
SET_3	28	1STNA	P117L	0.200	7.0	20.0
SET_3	28	1STNA	D21A	0.700	7.0	20.0
SET_3	28	1STNA	I72M	-1.800	7.0	20.0
SET_3	28	3BDCA	A109E	-5.000	5.0	25.0
SET_3	28	1STNA	E122F	-0.800	7.0	20.0
SET_3	28	1STNA	L14V	-1.500	7.0	20.0
SET_3	28	1STNA	K16F	-0.500	7.0	20.0
SET_3	28	1STNA	M98G	-4.500	7.0	20.0
SET_3	28	1STNA	P56G	-1.000	7.0	20.0
SET_3	28	1STNA	I92G	-6.600	7.0	20.0
SET_3	28	1STNA	N119A	-1.300	7.0	20.0
SET_3	28	3BDCA	F34D	-5.700	5.0	25.0
SET_3	28	1STNA	G79S	-2.600	7.0	20.0
SET_3	28	1STNA	V66W	-4.900	7.0	20.0
SET_3	28	1STNA	E135F	-1.200	7.0	20.0
SET_3	28	3BDCA	A90D	-5.800	5.0	25.0
SET_3	28	3BDCA	T62K	-4.200	7.0	25.0
SET_3	28	1STNA	F76A	-4.050	7.0	20.0
SET_3	28	1STNA	Y113G	-0.300	7.0	20.0
SET_3	28	1STNA	H8G	-0.800	7.0	20.0
SET_3	120	3G1GA	D155Y	0.340	7.0	25.0
SET_3	120	3G1GA	I190V	-0.170	7.0	25.0
SET_3	120	3G1GA	F167Y	-0.740	7.0	25.0
SET_3	120	3G1GA	R185W	1.320	7.0	25.0
SET_3	122	3MBPA	P159S	-1.700	7.1	22.0
SET_3	122	3MBPA	P48S	-0.300	7.1	22.0
SET_3	122	3MBPA	Y283D	-3.200	7.6	25.0
SET_3	122	3MBPA	P133A	-0.300	7.4	63.0
SET_3	122	3MBPA	P48A	0.500	7.4	63.0
SET_3	122	3MBPA	T345I	0.700	7.6	25.0
SET_3	122	3MBPA	W10A	-4.300	7.6	25.0
SET_3	122	3MBPA	I317E	-5.800	7.5	25.0
SET_3	122	3MBPA	Y210A	1.100	7.5	25.0
SET_3	122	3MBPA	G19C	-2.300	7.6	25.0
SET_3	126	451CA	W77F	-1.200	7.0	10.0
SET_3	126	451CA	E43Y	1.130	5.0	25.0
SET_3	126	451CA	V13M	0.400	5.0	50.4
SET_3	126	451CA	Q37R	0.500	5.0	50.4
SET_3	126	451CA	E70V	-0.300	7.0	10.0
SET_3	58	1JNXX	R1699Q	1.830	8.5	10.0
SET_3	58	1JNXX	L1664P	-1.180	8.5	10.0
SET_3	58	1JNXX	C1787S	0.370	8.5	10.0
SET_3	58	1JNXX	G1788V	-1.840	8.5	10.0
SET_3	58	1JNXX	R1751Q	-1.570	8.5	10.0
SET_3	58	1JNXX	A1843P	-4.890	8.5	10.0
SET_3	58	1JNXX	M1663K	0.030	8.5	10.0
SET_3	58	1JNXX	R1699W	-2.300	8.5	10.0
SET_3	58	1JNXX	V1665M	-2.220	8.5	10.0
SET_3	58	1JNXX	R1699L	0.990	8.5	10.0
SET_3	58	1JNXX	A1669S	0.160	8.5	10.0
SET_3	58	1JNXX	M1652I	-1.110	8.5	10.0
SET_3	58	1JNXX	G1788D	-3.970	8.5	10.0
SET_3	58	1JNXX	M1783T	-3.730	8.5	10.0
SET_3	58	1JNXX	M1663L	0.510	8.5	10.0
SET_3	110	2PTLA	L24F	0.620	7.0	20.0
SET_3	110	2PTLA	N28A	-1.740	7.0	22.0
SET_3	110	2PTLA	Y50A	-2.480	7.0	22.0
SET_3	110	2PTLA	S45A	0.360	7.0	22.0
SET_3	110	2PTLA	I74F	1.310	7.0	20.0
SET_3	110	2PTLA	K56A	0.210	7.0	22.0
SET_3	110	2PTLA	G29V	-2.640	7.0	22.0
SET_3	110	2PTLA	F40G	-3.130	7.0	22.0
SET_3	110	2PTLA	A34V	1.230	7.0	22.0
SET_3	110	2PTLA	Y70L	0.120	7.0	22.0
SET_3	110	2PTLA	T39A	-1.150	7.0	22.0
SET_3	110	2PTLA	F76V	-3.710	7.0	22.0
SET_3	110	2PTLA	K42G	0.040	7.0	22.0
SET_3	110	2PTLA	E46I	-1.110	7.0	22.0
SET_3	110	2PTLA	S45G	-0.790	7.0	22.0
SET_3	110	2PTLA	D52G	-2.010	7.0	22.0
SET_3	110	2PTLA	F40L	-0.410	7.0	22.0
SET_3	83	1RTBA	F46E	-0.120	5.5	58.0
SET_3	83	1RTBA	S123A	0.470	7.1	61.4
SET_3	83	1RTBA	I81G	-4.800	5.0	40.0
SET_3	83	1RTBA	F46K	-0.580	5.5	58.0
SET_3	83	1RTBA	D83E	1.940	8.0	64.0
SET_3	83	1RTBA	S21P	-0.790	8.0	50.0
SET_3	83	1RTBA	F46L	-0.765	6.0	25.0
SET_3	83	1RTBA	I107L	-2.190	5.0	40.0
SET_3	83	1RTBA	P93S	-2.100	4.2	56.2
SET_3	83	1RTBA	P114G	-3.300	6.0	61.6
SET_3	83	1RTBA	I106L	-1.790	5.0	40.0
SET_3	83	1RTBA	I106V	-0.800	5.0	40.0
SET_3	83	1RTBA	F46V	-1.085	6.0	25.0
SET_3	83	1RTBA	V54L	-1.090	5.0	40.0
SET_3	83	1RTBA	S75T	-2.800	7.4	61.1
SET_3	83	1RTBA	A5S	-0.370	7.0	61.7
SET_3	83	1RTBA	I107A	-2.840	5.0	40.0
SET_3	83	1RTBA	P93G	-2.600	6.0	61.8
SET_3	83	1RTBA	V63G	-3.500	5.0	40.0
SET_3	83	1RTBA	V118G	-2.770	5.0	40.0
SET_3	83	1RTBA	D83N	0.100	8.0	64.0
SET_3	83	1RTBA	A4S	-0.570	7.0	61.7
SET_3	83	1RTBA	H119A	0.200	6.0	25.0
SET_3	80	1RISA	A35G	-0.200	8.0	25.0
SET_3	80	1RISA	I52A	-1.000	8.0	25.0
SET_3	80	1RISA	F60A	0.300	8.0	25.0
SET_3	80	1RISA	Y33A	0.600	8.0	25.0
SET_3	80	1RISA	L21A	1.200	8.0	25.0
SET_3	108	2NTEA	R658C	-2.300	7.5	10.0
SET_3	102	2JOFA	D9E	-0.290	7.0	27.0
SET_3	102	2JOFA	R16K	-0.560	7.0	27.0
SET_3	101	2IN9A	V67L	2.500	7.0	25.0
SET_3	107	2MPCA	A89T	-0.240	7.5	25.0
SET_3	107	2MPCA	R42A	0.620	7.5	25.0
SET_3	107	2MPCA	R42W	2.080	7.5	25.0
SET_3	38	1BTAA	C82A	0.480	7.4	25.0
SET_3	38	1BTAA	K60E	-1.300	8.0	25.0
SET_3	38	1BTAA	I5V	-1.000	8.0	10.0
SET_3	38	1BTAA	R75Q	-0.400	8.0	25.0
SET_3	38	1BTAA	C40A	0.100	7.0	25.0
SET_3	38	1BTAA	K60L	0.400	8.0	25.0
SET_3	38	1BTAA	R75L	0.700	8.0	25.0
SET_3	38	1BTAA	K22Q	-1.100	8.0	25.0
SET_3	38	1BTAA	K78A	0.100	8.0	25.0
SET_3	38	1BTAA	L34V	-1.100	8.0	10.0
SET_3	38	1BTAA	K78Q	0.300	8.0	25.0
SET_3	65	1MSIA	R47A	-0.670	7.0	25.0
SET_3	65	1MSIA	E25A	0.020	7.0	25.0
SET_3	65	1MSIA	D36A	0.950	7.0	25.0
SET_3	6	2CI2I	F69V	-1.900	6.25	25.0
SET_3	6	1ACBI	V34L	-0.310	8.5	25.0
SET_3	6	2CI2I	V53G	-2.430	6.3	25.0
SET_3	6	2CI2I	I49A	-2.120	6.3	46.6
SET_3	6	2CI2I	I48A	-3.400	6.3	25.0
SET_3	6	2CI2I	N75D	-1.360	6.3	25.0
SET_3	6	2CI2I	K72N	-0.600	6.25	25.0
SET_3	6	2CI2I	E34N	-0.570	6.25	25.0
SET_3	6	2CI2I	L51I	-0.640	6.25	25.0
SET_3	6	2CI2I	I39L	-1.960	7.0	30.0
SET_3	6	2CI2I	I49G	-3.520	6.3	25.0
SET_3	6	1ACBI	L27I	-0.220	8.5	25.0
SET_3	6	2CI2I	K37A	0.230	6.3	46.6
SET_3	6	2CI2I	T55V	-1.170	6.5	25.0
SET_3	6	2CI2I	Q41A	-0.280	6.25	25.0
SET_3	6	1ACBI	V14A	-1.040	7.0	25.0
SET_3	6	2CI2I	V53T	-1.030	6.3	46.6
SET_3	6	2CI2I	L40G	-1.740	6.25	25.0
SET_3	6	2CI2I	P52A	-0.380	6.25	25.0
SET_3	6	2CI2I	I49V	0.080	6.3	46.6
SET_3	6	2CI2I	S31G	-0.430	6.25	25.0
SET_3	6	2CI2I	I39V	-1.140	6.3	25.0
SET_3	6	2CI2I	L40A	-1.270	6.25	25.0
SET_3	6	2CI2I	E33D	-0.720	6.2	25.0
SET_3	6	1ACBI	P58Y	-0.670	8.5	25.0
SET_3	6	2CI2I	V82S	-1.300	6.3	25.0
SET_3	6	2CI2I	Q41G	-0.760	6.25	25.0
SET_3	6	2CI2I	N75A	-1.020	6.25	25.0
SET_3	6	2CI2I	R67A	-1.400	4.2	50.0
SET_3	6	2CI2I	P25A	0.920	6.25	25.0
SET_3	6	2CI2I	L51V	-0.500	6.3	46.6
SET_3	6	2CI2I	I49T	-1.340	6.3	25.0
SET_3	6	1EGLA	V54A	-2.360	7.0	25.0
SET_3	6	2CI2I	V79G	-3.240	6.3	25.0
SET_3	6	2CI2I	K37G	-0.970	6.3	46.6
SET_3	6	2CI2I	T22G	-1.160	6.3	25.0
SET_3	6	2CI2I	I76V	0.190	6.3	46.6
SET_3	6	2CI2I	E33N	-0.490	6.25	25.0
SET_3	6	2CI2I	E34D	-0.190	6.25	25.0
SET_3	6	2CI2I	F69L	-2.110	6.3	46.6
SET_3	90	1UZCA	V67A	0.600	5.7	10.0
SET_3	90	1UZCA	P47G	-0.900	5.7	10.0
SET_3	90	1UZCA	P31G	-1.100	5.7	10.0
SET_3	90	1UZCA	T13A	-1.000	5.7	10.0
SET_3	90	1UZCA	E27G	-1.600	5.7	10.0
SET_3	90	1UZCA	S50G	-0.100	5.7	10.0
SET_3	90	1UZCA	T13S	0.100	5.7	10.0
SET_3	90	1UZCA	M42A	-1.600	5.7	10.0
SET_3	90	1UZCA	N33G	-0.400	5.7	10.0
SET_3	90	1UZCA	W11F	-0.200	5.7	10.0
SET_3	90	1UZCA	A64G	-0.900	5.7	10.0
SET_3	90	1UZCA	Q60G	-0.800	5.7	10.0
SET_3	90	1UZCA	Q60A	0.200	5.7	10.0
SET_3	90	1UZCA	I44G	-0.300	5.7	10.0
SET_3	90	1UZCA	S56G	-0.500	5.7	10.0
SET_3	90	1UZCA	W36F	0.600	5.7	10.0
SET_3	90	1UZCA	K26A	0.100	5.7	10.0
SET_3	96	2AKYA	T77H	-2.150	7.5	25.0
SET_3	96	2AKYA	N169D	-2.150	7.5	25.0
SET_3	96	2AKYA	I213F	-1.910	7.5	25.0
SET_3	10	2K7JA	G31A	1.740	5.5	28.0
SET_3	10	1APSA	Y11I	-2.220	5.5	28.0
SET_3	10	2BJDA	V84D	-4.490	5.5	25.0
SET_3	10	1APSA	E83D	-1.510	5.5	28.0
SET_3	10	1APSA	Y25A	-0.240	5.5	28.0
SET_3	10	1APSA	Y11F	0.430	5.5	28.0
SET_3	10	2K7JA	G31A	1.740	5.5	28.0
SET_3	10	2K7JA	A29E	0.410	5.5	28.0
SET_3	10	2K7JA	A29E	0.410	5.5	28.0
SET_3	10	1APSA	E29D	-3.470	5.5	28.0
SET_3	10	1APSA	W64A	-1.510	5.5	28.0
SET_3	10	2BJDA	Y86E	-2.100	5.5	25.0
SET_3	10	2BJDA	V84P	-4.520	5.5	25.0
SET_3	42	1DILA	A53L	0.810	7.0	25.0
SET_3	42	1DILA	A69V	0.620	7.0	25.0
SET_3	5	1CM2A	K49S	1.200	7.0	25.0
SET_3	5	1POHA	S46D	1.400	7.0	30.0
SET_3	5	1POHA	F2W	0.170	7.0	20.0
SET_3	5	1POHA	F48W	-0.120	7.0	20.0
SET_3	5	1CM2A	K49Q	1.500	7.0	25.0
SET_3	5	1POHA	F29W	-1.120	7.0	20.0
SET_3	5	1CM2A	K49M	1.000	7.0	25.0
SET_3	5	1Y4YA	F29W	-0.860	7.0	25.0
SET_3	5	1CM2A	K49R	-0.200	7.0	25.0
SET_3	5	1POHA	S46N	0.500	7.0	30.0
SET_3	5	1POHA	K49E	2.100	7.0	63.4
SET_3	5	1CM2A	K49D	1.500	7.0	25.0
SET_3	5	1CM2A	K49G	1.200	7.0	25.0
SET_3	5	1CM2A	K49N	0.300	7.0	25.0
SET_3	5	2HPRA	S46D	0.700	7.0	73.6
SET_3	76	1QGVA	G126D	-1.710	7.82	20.0
SET_4	27	2HBBA	K7M	0.210	5.5	25.0
SET_4	27	1DIVA	E54Q	0.330	5.45	25.0
SET_4	27	1DIVA	H144Q	-0.860	8.0	25.0
SET_4	27	1DIVA	L30V	-3.620	5.5	25.0
SET_4	27	1DIVA	V3L	-2.210	5.5	25.0
SET_4	27	2HBBA	K12M	1.800	5.5	25.0
SET_4	27	1DIVA	K96A	1.010	8.0	25.0
SET_4	27	1DIVA	D23N	0.720	5.4	25.0
SET_4	27	2HBBA	K10E	0.130	5.5	25.0
SET_4	27	1DIVA	E100G	-1.950	8.0	25.0
SET_4	27	1DIVA	H134Q	-1.630	8.0	25.0
SET_4	27	1DIVA	H106Q	-1.530	8.0	25.0
SET_4	27	1DIVA	I121A	-3.080	8.0	25.0
SET_4	27	2HBBA	K12G	0.030	5.5	25.0
SET_4	27	1DIVA	M1G	-2.360	5.5	25.0
SET_4	27	1DIVA	D23A	0.460	5.4	25.0
SET_4	27	1DIVA	E48Q	0.030	5.45	25.0
SET_4	27	1DIVA	K14M	0.010	5.45	25.0
SET_4	27	1DIVA	V21L	-1.230	5.5	25.0
SET_4	27	2HBBA	F5L	-1.150	5.5	25.0
SET_4	27	2HBBA	G24A	0.020	5.5	25.0
SET_4	27	2HBBA	K10M	0.470	5.5	25.0
SET_4	27	1DIVA	L6I	-0.130	5.5	25.0
SET_4	20	1GWYA	A8D	1.600	7.4	0.0
SET_4	20	2KS4A	E2A	0.230	7.4	0.0
SET_4	21	1IV7B	C141A	0.500	8.0	25.0
SET_4	21	1IV9A	S76Y	4.300	5.5	25.0
SET_4	21	1IV7B	A173C	0.500	8.0	25.0
SET_4	21	1IV7B	A119C	-0.700	8.0	25.0
SET_4	21	1IV7B	L132A	-2.000	8.0	25.0
SET_4	21	1IV7B	L162C	-1.900	8.0	25.0
SET_4	21	1IV7B	F189C	-2.500	8.0	25.0
SET_4	22	2LZMA	R14K	-0.030	5.4	65.2
SET_4	22	2LZMA	I3S	-1.700	6.5	64.7
SET_4	22	2LZMA	H31N	-4.000	5.5	66.0
SET_4	22	2LZMA	Y25G	-4.550	7.0	22.0
SET_4	22	2LZMA	N144H	-0.300	6.7	62.4
SET_4	22	2LZMA	I3E	-2.000	6.5	64.7
SET_4	22	2LZMA	N132I	1.200	5.4	66.5
SET_4	22	2LZMA	N132M	1.500	5.4	66.5
SET_4	22	2LZMA	G30F	-1.500	5.4	66.5
SET_4	22	2LZMA	V111F	-1.690	5.7	64.9
SET_4	22	2LZMA	L99G	-6.300	5.4	65.2
SET_4	22	2LZMA	R96I	-2.900	5.35	58.0
SET_4	22	2LZMA	R96F	-4.200	5.35	58.0
SET_4	22	2LZMA	S90H	-1.100	5.5	65.4
SET_4	22	2LZMA	I3G	-2.100	6.5	64.7
SET_4	22	2LZMA	W138Y	-2.870	7.0	22.0
SET_4	22	2LZMA	A130G	-2.100	6.0	25.0
SET_4	22	2LZMA	N40A	0.320	6.7	62.2
SET_4	22	2LZMA	L99V	-2.000	5.7	64.9
SET_4	22	2LZMA	E11M	1.600	5.4	66.5
SET_4	22	2LZMA	F153C	-3.110	7.0	22.0
SET_4	22	2LZMA	L121A	-2.300	5.4	65.3
SET_4	22	2LZMA	A74P	-4.600	6.5	62.9
SET_4	22	2LZMA	I3M	-0.900	6.5	64.7
SET_4	22	2LZMA	S117V	2.000	5.4	66.5
SET_4	22	2LZMA	R96T	-2.800	5.35	58.0
SET_4	22	2LZMA	N40D	0.440	5.4	65.2
SET_4	22	2LZMA	N132F	1.300	5.4	66.5
SET_4	22	2LZMA	A129M	-1.900	5.4	65.3
SET_4	22	2LZMA	Q69P	-2.900	6.5	63.2
SET_4	22	2LZMA	A98T	-3.830	7.0	22.0
SET_4	22	2LZMA	A146T	-1.500	6.5	70.0
SET_4	22	2LZMA	G113E	0.300	5.4	65.2
SET_4	22	2LZMA	W126R	-5.740	7.0	22.0
SET_4	22	2LZMA	E11F	1.700	5.4	66.5
SET_4	22	2LZMA	R119H	-0.290	5.4	65.2
SET_4	22	2LZMA	I3F	-1.100	6.5	64.7
SET_4	22	2LZMA	I58Y	-3.110	7.0	22.0
SET_4	22	2LZMA	T26S	0.570	5.4	65.2
SET_4	22	2LZMA	A42K	-3.700	5.45	53.0
SET_4	22	2LZMA	A93T	0.060	5.4	65.2
SET_4	22	1L63A	M102A	-2.900	5.4	65.3
SET_4	22	2LZMA	L133D	-5.500	4.4	64.6
SET_4	22	2LZMA	K83H	-0.400	6.5	63.0
SET_4	22	2LZMA	A41D	0.290	5.4	65.2
SET_4	22	1L63A	M106A	-1.900	5.4	65.3
SET_4	22	2LZMA	A41V	0.300	5.4	66.5
SET_4	22	2LZMA	M102K	-6.900	5.3	65.3
SET_4	22	2LZMA	C54V	-0.700	6.5	70.0
SET_4	22	2LZMA	L99M	-0.400	5.42	65.3
SET_4	22	1L63A	I17M	-2.200	5.4	65.3
SET_4	22	2LZMA	R96P	-5.500	5.35	58.0
SET_4	22	2LZMA	K60H	-0.100	6.5	63.0
SET_4	22	2LZMA	R96L	-3.200	5.35	58.0
SET_4	22	2LZMA	C54T	0.300	6.5	70.0
SET_4	22	2LZMA	I3D	-3.200	6.5	64.7
SET_4	22	2LZMA	R119M	-0.100	5.7	66.1
SET_4	22	2LZMA	A93P	-0.100	6.5	64.7
SET_4	22	2LZMA	L99F	-0.300	5.7	64.9
SET_4	22	2LZMA	A146I	-4.310	7.0	22.0
SET_4	22	2LZMA	T151S	0.390	5.4	65.2
SET_4	22	2LZMA	E108V	0.700	5.4	65.2
SET_4	22	2LZMA	I3W	-2.800	6.5	64.7
SET_4	22	1L63A	L33M	-2.000	5.4	65.3
SET_4	22	2LZMA	D20T	0.900	5.4	65.1
SET_4	22	2LZMA	E22K	0.570	5.4	65.2
SET_4	22	2LZMA	S117I	1.700	5.4	66.5
SET_4	22	2LZMA	C54Y	-5.020	7.0	22.0
SET_4	22	2LZMA	I3T	-2.300	6.5	64.7
SET_4	22	2LZMA	E11A	1.100	5.4	66.5
SET_4	22	2LZMA	R80K	-0.170	5.4	65.2
SET_4	22	2LZMA	I100M	-1.600	5.42	65.3
SET_4	22	2LZMA	P86G	-1.910	7.0	22.0
SET_4	22	2LZMA	G51D	-2.630	7.0	22.0
SET_4	22	2LZMA	R96C	-2.900	5.35	58.0
SET_4	8	1CFDA	G59S	-0.820	7.4	25.0
SET_4	8	1CFDA	L39F	-1.100	7.2	25.0
SET_4	8	1IGVA	D19N	0.740	7.0	25.0
SET_4	8	1CFDA	E54K	0.320	7.4	25.0
SET_4	8	1IGVA	E26Q	0.090	7.0	25.0
SET_4	8	1CFDA	Q41L	1.300	7.2	25.0
SET_4	8	5VP3A	R39K	0.410	8.0	25.0
SET_4	8	1IGVA	P20G	-1.190	7.1	25.0
SET_4	8	1IGVA	P43M	-0.380	7.0	25.1
SET_4	8	5VP3A	V183T	0.350	8.0	25.0
SET_4	8	1CFDA	K75I	1.700	7.2	25.0
SET_4	8	1CFDA	K75A	0.600	7.2	25.0
SET_4	8	1IGVA	N21D	-1.050	7.0	25.1
SET_4	8	1IGVA	F66W	-2.340	7.0	25.0
SET_4	8	1IGVA	E17Q	0.380	7.0	25.0
SET_4	8	1IGVA	L6V	-2.200	7.0	25.0
SET_4	8	1CFDA	G40E	-1.570	7.4	25.0
SET_4	8	1CFDA	D50G	-0.650	7.4	25.0
SET_4	121	3L15A	Y442H	-3.230	7.4	24.9
SET_4	113	2SPZA	F13W	-0.250	5.0	37.0
SET_4	112	2RN4A	A8P	-0.200	7.1	25.0
SET_4	112	2RN4A	D10P	-0.500	7.1	25.0
SET_4	112	2RN4A	W15F	-2.300	7.1	25.0
SET_4	87	1TITA	Y9S	-0.200	7.4	25.0
SET_4	87	1TITA	Y9G	-0.800	7.4	25.0
SET_4	87	1TITA	C63S	-2.080	7.3	25.0
SET_4	87	1TITA	Y9P	-2.200	7.4	25.0
SET_4	85	1SUPA	Q206C	1.250	8.0	58.8
SET_4	85	1SUPA	M50F	0.480	8.0	58.8
SET_4	103	2JUCA	C57D	-2.550	5.7	25.0
SET_4	105	2LCPA	W103F	0.650	7.2	37.0
SET_4	105	2LCPA	R102Q	0.580	7.2	37.0
SET_4	60	1KFWA	G405Q	0.620	7.5	16.0
SET_4	60	1KFWA	G92P	0.500	7.5	16.0
SET_4	60	1KFWA	N197K	0.810	7.5	16.0
SET_4	60	1KFWA	G253P	-0.650	7.5	16.0
SET_4	66	1N18A	G85R	-1.200	7.8	37.0
SET_4	66	1N18A	E100G	-2.500	7.8	25.0
SET_4	93	1XXNA	S22E	0.240	6.5	55.0
SET_4	93	1XXNA	S27E	-0.640	6.5	55.0
SET_4	93	1XXNA	N32D	-0.860	6.5	55.0
SET_4	93	1XXNA	N181R	0.360	6.5	55.0
SET_4	93	1XXNA	N54E	-0.640	6.5	55.0
SET_4	16	1AYIA	I44V	0.690	7.0	10.0
SET_4	16	1AYIA	V42A	0.530	7.0	10.0
SET_4	16	1AYIA	V69A	0.330	7.0	10.0
SET_4	16	1IMQA	V34L	0.330	6.0	10.0
SET_4	16	1IMQA	E31L	-0.670	6.0	10.0
SET_4	16	1AYIA	L3A	0.290	7.0	10.0
SET_4	16	1IMQA	A25G	-0.140	6.0	10.0
SET_4	16	1AYIA	L53A	-1.790	7.0	10.0
SET_4	16	1AYIA	A13N	-0.330	7.0	10.0
SET_4	16	1IMQA	T27G	-1.430	6.0	10.0
SET_4	16	1IMQA	V71I	0.070	6.0	10.0
SET_4	16	1AYIA	I68V	0.240	7.0	10.0
SET_4	16	1IMQA	E41V	0.880	6.0	10.0
SET_4	43	1DKTA	F17L	-2.790	7.5	10.0
SET_4	43	1DKTA	M58L	-0.520	7.5	10.0
SET_4	43	1DKTA	H65A	-0.600	7.5	10.0
SET_4	43	1DKTA	P64A	-0.420	7.5	10.0
SET_4	43	1DKTA	F69L	-2.490	7.5	10.0
SET_4	43	1DKTA	Y8A	-0.340	7.5	10.0
SET_4	43	1DKTA	V22A	-1.530	7.5	10.0
SET_4	43	1DKTA	P62A	1.400	7.5	10.0
SET_4	118	3D2AA	M134E	0.660	7.2	25.0
SET_4	118	3D2AA	M137P	0.980	7.2	25.0
SET_4	118	3D2AA	S163P	-0.250	7.2	25.0
SET_4	74	1PINA	L7I	-0.850	7.0	40.0
SET_4	74	1PINA	L7N	-0.900	7.0	40.0
SET_4	74	1PINA	H27G	-0.680	7.0	40.0
SET_4	74	1PINA	N26D	-1.880	7.0	40.0
SET_4	74	1PINA	N30G	0.530	7.0	40.0
SET_4	74	1PINA	S18G	0.020	7.0	40.0
SET_4	74	1PINA	L7V	-1.260	7.0	40.0
SET_4	74	1PINA	T29G	-1.990	7.0	40.0
SET_4	74	1PINA	R17G	-0.220	7.0	40.0
SET_4	74	1PINA	T29D	-1.330	7.0	40.0
SET_4	74	1PINA	S19G	0.010	7.0	40.0
SET_4	74	1PINA	P8G	-0.920	7.0	40.0
SET_4	74	1PINA	F25Y	0.220	7.0	40.0
SET_4	74	1PINA	I28G	-0.480	7.0	40.0
SET_4	74	1PINA	F25L	-1.370	7.0	40.0
SET_4	74	1PINA	P9G	-0.490	7.0	40.0
SET_4	74	1PINA	Y24W	-0.560	7.0	40.0
SET_4	74	1PINA	R21G	-0.670	7.0	40.0
SET_4	73	1PGAA	D36P	-3.100	5.5	25.0
SET_4	73	1PGAA	T18A	0.221	6.5	25.0
SET_4	73	1PGAA	T17D	-0.316	6.5	25.0
SET_4	73	1PGAA	K10T	0.200	6.5	25.0
SET_4	73	1PGAA	A34T	-0.382	6.5	25.0
SET_4	73	1PGAA	V21N	0.498	6.5	25.0
SET_4	73	1PGAA	T17V	0.183	6.5	25.0
SET_4	73	1PGAA	I6Q	-0.580	6.5	25.0
SET_4	73	1PGAA	T55L	-0.295	6.5	25.0
SET_4	73	1PGAA	G14S	0.512	6.5	25.0
SET_4	73	1PGAA	T49S	0.183	6.5	25.0
SET_4	73	1PGAA	V21I	0.543	6.5	25.0
SET_4	73	1PGAA	Q32K	0.581	6.5	25.0
SET_4	73	1PGAA	T25P	-2.095	6.5	25.0
SET_4	73	1PGAA	T25M	0.201	6.5	25.0
SET_4	73	1PGAA	G38V	-1.306	6.5	25.0
SET_4	73	1PGAA	I6R	-0.663	6.5	25.0
SET_4	73	1PGAA	A48D	0.351	6.5	25.0
SET_4	73	1PGAA	K10V	0.414	6.5	25.0
SET_4	73	1PGAA	K10Y	0.509	6.5	25.0
SET_4	73	1PGAA	E42K	0.648	6.5	25.0
SET_4	73	1PGAA	L7S	-1.794	6.5	25.0
SET_4	73	1PGAA	D40K	0.548	6.5	25.0
SET_4	73	1PGAA	T11I	0.562	6.5	25.0
SET_4	73	1PGAA	A48S	0.287	6.5	25.0
SET_4	73	1PGAA	D22Y	-1.166	6.5	25.0
SET_4	73	1PGAA	Y45L	-1.790	6.5	25.0
SET_4	73	1PGAA	T18E	-0.673	6.5	25.0
SET_4	73	1PGAA	E15Y	0.664	6.5	25.0
SET_4	73	1PGAA	N35S	0.755	6.5	25.0
SET_4	73	1PGAA	E42P	-1.255	6.5	25.0
SET_4	73	1PGAA	N37E	0.004	6.5	25.0
SET_4	73	1PGAA	E42M	0.416	6.5	25.0
SET_4	73	1PGAA	Y3G	-1.442	6.5	25.0
SET_4	73	1PGAA	T11A	0.239	6.5	25.0
SET_4	73	1PGAA	E19S	0.105	6.5	25.0
SET_4	73	1PGAA	V21T	0.126	6.5	25.0
SET_4	73	1PGAA	G38D	0.052	6.5	25.0
SET_4	73	1PGAA	A24P	-0.186	6.5	25.0
SET_4	73	1PGAA	L12N	0.085	6.5	25.0
SET_4	73	1PGAA	V39S	-1.696	6.5	25.0
SET_4	73	1PGAA	E19I	0.934	6.5	25.0
SET_4	73	1PGAA	K50V	-1.345	6.5	25.0
SET_4	73	1PGAA	D46L	-0.526	6.5	25.0
SET_4	73	1PGAA	N35Y	0.933	6.5	25.0
SET_4	73	1PGAA	G14K	0.718	6.5	25.0
SET_4	73	1PGAA	V21S	0.436	6.5	25.0
SET_4	73	1PGAA	G9M	-0.548	6.5	25.0
SET_4	73	1PGAA	T11L	0.380	6.5	25.0
SET_4	73	1PGAA	A23H	-0.196	6.5	25.0
SET_4	73	1PGAA	A23F	0.585	6.5	25.0
SET_4	73	1PGAA	D46E	-0.049	6.5	25.0
SET_4	73	1PGAA	G14D	0.104	6.5	25.0
SET_4	73	1PGAA	M1K	0.273	6.5	25.0
SET_4	73	1PGAA	E56V	-0.248	6.5	25.0
SET_4	73	1PGAA	N37R	0.418	6.5	25.0
SET_4	73	1PGAA	L5F	-0.470	6.5	25.0
SET_4	73	1PGAA	A23S	0.162	6.5	25.0
SET_4	73	1PGAA	K31Q	0.448	6.5	25.0
SET_4	73	1PGAA	M1D	0.380	6.5	25.0
SET_4	73	1PGAA	T17E	0.334	6.5	25.0
SET_4	73	1PGAA	D47A	0.360	7.0	25.0
SET_4	73	1PGAA	L5I	-1.341	6.5	25.0
SET_4	73	1PGAA	T2H	-0.130	6.5	25.0
SET_4	73	1PGAA	D40E	0.501	6.5	25.0
SET_4	73	1PGAA	T18V	0.391	6.5	25.0
SET_4	73	1PGAA	T53Y	0.236	6.5	25.0
SET_4	73	1PGAA	G14R	0.873	6.5	25.0
SET_4	73	1PGAA	A23V	0.377	6.5	25.0
SET_4	73	1PGAA	T25L	-0.060	6.5	25.0
SET_4	73	1PGAA	E19K	0.420	6.5	25.0
SET_4	73	1PGAA	N8H	0.242	6.5	25.0
SET_4	73	1PGAA	L5R	0.725	6.5	25.0
SET_4	73	1PGAA	G41F	-2.315	6.5	25.0
SET_4	73	1PGAA	Q32F	-0.316	6.5	25.0
SET_4	73	1PGAA	G9R	-0.881	6.5	25.0
SET_4	73	1PGAA	T55E	-0.356	6.5	25.0
SET_4	73	1PGAA	K50R	0.762	6.5	25.0
SET_4	73	1PGAA	E56F	1.030	6.5	25.0
SET_4	73	1PGAA	T25G	0.168	6.5	25.0
SET_4	73	1PGAA	M1V	0.268	6.5	25.0
SET_4	73	1PGAA	M1G	0.302	6.5	25.0
SET_4	73	1PGAA	V29N	-0.225	6.5	25.0
SET_4	73	1PGAA	E56N	0.130	6.5	25.0
SET_4	73	1PGAA	Y33R	-1.724	6.5	25.0
SET_4	73	1PGAA	I6G	-3.076	6.5	25.0
SET_4	73	1PGAA	K4L	-0.214	6.5	25.0
SET_4	73	1PGAA	G14M	0.940	6.5	25.0
SET_4	73	1PGAA	F52P	-1.719	6.5	25.0
SET_4	73	1PGAA	T11Y	0.298	6.5	25.0
SET_4	73	1PGAA	E15D	-0.193	6.5	25.0
SET_4	73	1PGAA	N37I	0.569	6.5	25.0
SET_4	73	1PGAA	A24N	-0.239	6.5	25.0
SET_4	73	1PGAA	K13H	0.445	6.5	25.0
SET_4	73	1PGAA	A24V	0.193	6.5	25.0
SET_4	73	1PGAA	V21Q	0.275	6.5	25.0
SET_4	73	1PGAA	T53R	-0.100	5.2	20.0
SET_4	73	1PGAA	G14H	0.084	6.5	25.0
SET_4	73	1PGAA	N35A	0.589	6.5	25.0
SET_4	73	1PGAA	N35D	0.164	6.5	25.0
SET_4	73	1PGAA	E27M	0.927	6.5	25.0
SET_4	73	1PGAA	E15S	0.165	6.5	25.0
SET_4	73	1PGAA	Q32S	0.203	6.5	25.0
SET_4	73	1PGAA	T16A	0.264	6.5	25.0
SET_4	73	1PGAA	V29S	-0.171	6.5	25.0
SET_4	73	1PGAA	D36F	-0.059	6.5	25.0
SET_4	73	1PGAA	T44I	0.516	6.5	25.0
SET_4	73	1PGAA	A34S	-0.532	6.5	25.0
SET_4	73	1PGAA	E15K	0.130	6.5	25.0
SET_4	73	1PGAA	E19D	0.204	6.5	25.0
SET_4	73	1PGAA	A20N	-2.851	6.5	25.0
SET_4	73	1PGAA	T17K	-0.083	6.5	25.0
SET_4	73	1PGAA	D36I	0.277	6.5	25.0
SET_4	73	1PGAA	E42D	0.609	6.5	25.0
SET_4	73	1PGAA	T25Y	0.102	6.5	25.0
SET_4	73	1PGAA	E19F	0.841	6.5	25.0
SET_4	73	1PGAA	T16F	1.853	6.5	25.0
SET_4	73	1PGAA	N8T	-0.614	6.5	25.0
SET_4	73	1PGAA	T2D	-0.554	6.5	25.0
SET_4	73	1PGAA	Y45K	-3.124	6.5	25.0
SET_4	73	1PGAA	K10I	0.562	6.5	25.0
SET_4	73	1PGAA	T51L	-1.049	6.5	25.0
SET_4	73	1PGAA	K4N	-0.206	6.5	25.0
SET_4	73	1PGAA	E15Q	0.875	6.5	25.0
SET_4	73	1PGAA	K13D	-0.455	6.5	25.0
SET_4	73	1PGAA	V29I	0.681	6.5	25.0
SET_4	73	1PGAA	L7D	-3.108	6.5	25.0
SET_4	73	1PGAA	E56T	-0.204	6.5	25.0
SET_4	73	1PGAA	L7M	0.498	6.5	25.0
SET_4	73	1PGAA	D40N	0.669	6.5	25.0
SET_4	73	1PGAA	A26G	-2.960	6.0	22.0
SET_4	73	1PGAA	V29H	0.162	6.5	25.0
SET_4	73	1PGAA	K31N	-0.583	6.5	25.0
SET_4	73	1PGAA	A20M	-1.430	6.5	25.0
SET_4	73	1PGAA	T44S	0.361	6.5	25.0
SET_4	73	1PGAA	D40S	0.563	6.5	25.0
SET_4	73	1PGAA	Y33G	-3.459	6.5	25.0
SET_4	73	1PGAA	V21G	0.190	6.5	25.0
SET_4	73	1PGAA	Y33M	-0.600	6.5	25.0
SET_4	73	1PGAA	K31V	0.187	6.5	25.0
SET_4	73	1PGAA	Y3K	0.885	6.5	25.0
SET_4	73	1PGAA	E19N	0.640	6.5	25.0
SET_4	73	1PGAA	A23E	0.044	6.5	25.0
SET_4	73	1PGAA	D22N	0.210	6.5	25.0
SET_4	73	1PGAA	Q32Y	-0.391	6.5	25.0
SET_4	73	1PGAA	G9N	-1.290	6.5	25.0
SET_4	73	1PGAA	Y33S	-2.087	6.5	25.0
SET_4	73	1PGAA	V54F	-1.638	6.5	25.0
SET_4	73	1PGAA	A24H	-0.387	6.5	25.0
SET_4	73	1PGAA	T44H	0.306	6.5	25.0
SET_4	73	1PGAA	A23N	-0.194	6.5	25.0
SET_4	73	1PGAA	E27L	1.815	6.5	25.0
SET_4	73	1PGAA	D46I	-0.568	6.5	25.0
SET_4	73	1PGAA	V21D	0.460	6.5	25.0
SET_4	73	1PGAA	E19T	0.651	6.5	25.0
SET_4	73	1PGAA	D36S	0.463	6.5	25.0
SET_4	73	1PGAA	M1F	1.137	6.5	25.0
SET_4	73	1PGAA	K4D	-2.054	6.5	25.0
SET_4	73	1PGAA	K28Q	0.614	6.5	25.0
SET_4	73	1PGAA	T17N	-0.129	6.5	25.0
SET_4	73	1PGAA	Y33F	0.285	6.5	25.0
SET_4	73	1PGAA	D40R	0.554	6.5	25.0
SET_4	73	1PGAA	L5P	-1.653	6.5	25.0
SET_4	73	1PGAA	K13T	0.251	6.5	25.0
SET_4	73	1PGAA	F30D	-0.504	6.5	25.0
SET_4	73	1PGAA	G38H	0.502	6.5	25.0
SET_4	73	1PGAA	A34Q	-2.332	6.5	25.0
SET_4	73	1PGAA	Q32I	0.110	6.5	25.0
SET_4	73	1PGAA	A34N	-1.461	6.5	25.0
SET_4	73	1PGAA	G9V	-0.417	6.5	25.0
SET_4	73	1PGAA	N8I	0.559	6.5	25.0
SET_4	73	1PGAA	L12K	0.596	6.5	25.0
SET_4	73	1PGAA	K4M	0.491	6.5	25.0
SET_4	73	1PGAA	T2F	0.301	6.5	25.0
SET_4	73	1PGAA	F30Y	0.914	6.5	25.0
SET_4	73	1PGAA	T2Q	0.339	6.5	25.0
SET_4	73	1PGAA	V21P	0.826	6.5	25.0
SET_4	73	1PGAA	G38K	0.287	6.5	25.0
SET_4	73	1PGAA	G38N	0.300	6.5	25.0
SET_4	73	1PGAA	F52H	-2.656	6.5	25.0
SET_4	73	1PGAA	A23Y	0.381	6.5	25.0
SET_4	73	1PGAA	T2N	-0.143	6.5	25.0
SET_4	73	1PGAA	D22G	-1.028	6.5	25.0
SET_4	73	1PGAA	A20Y	-1.938	6.5	25.0
SET_4	73	1PGAA	G38F	-0.197	6.5	25.0
SET_4	73	1PGAA	K50Q	1.167	6.5	25.0
SET_4	73	1PGAA	V29M	0.137	6.5	25.0
SET_4	73	1PGAA	T55Q	-0.039	6.5	25.0
SET_4	73	1PGAA	Q32A	0.161	6.5	25.0
SET_4	73	1PGAA	N37T	0.084	6.5	25.0
SET_4	73	1PGAA	K31F	-0.218	6.5	25.0
SET_4	73	1PGAA	T51Y	-1.635	6.5	25.0
SET_4	73	1PGAA	E27Y	0.264	6.5	25.0
SET_4	73	1PGAA	N37A	0.361	6.5	25.0
SET_4	73	1PGAA	D40Q	0.718	6.5	25.0
SET_4	73	1PGAA	E19H	0.019	6.5	25.0
SET_4	73	1PGAA	G14P	-0.877	6.5	25.0
SET_4	73	1PGAA	A48Y	0.413	6.5	25.0
SET_4	73	1PGAA	T18Q	-0.586	6.5	25.0
SET_4	73	1PGAA	D40P	-1.723	6.5	25.0
SET_4	73	1PGAA	D36Y	0.435	6.5	25.0
SET_4	73	1PGAA	A48T	0.155	6.5	25.0
SET_4	73	1PGAA	A48V	0.334	6.5	25.0
SET_4	73	1PGAA	V39G	-2.291	6.5	25.0
SET_4	73	1PGAA	T25A	0.855	6.5	25.0
SET_4	73	1PGAA	K31M	0.394	6.5	25.0
SET_4	73	1PGAA	E27R	0.437	6.5	25.0
SET_4	73	1PGAA	T18G	-1.735	6.5	25.0
SET_4	73	1PGAA	L7P	-2.882	6.5	25.0
SET_4	73	1PGAA	Q32N	-0.014	6.5	25.0
SET_4	73	1PGAA	K10E	0.553	6.5	25.0
SET_4	73	1PGAA	V39I	0.910	6.5	25.0
SET_4	73	1PGAA	D46R	-1.716	6.5	25.0
SET_4	73	1PGAA	D22V	-1.426	6.5	25.0
SET_4	73	1PGAA	A48M	-0.037	6.5	25.0
SET_4	73	1PGAA	G38P	-2.741	6.5	25.0
SET_4	73	1PGAA	K50H	0.822	6.5	25.0
SET_4	73	1PGAA	I6N	-0.799	6.5	25.0
SET_4	73	1PGAA	E42Y	0.694	6.5	25.0
SET_4	73	1PGAA	G9P	-2.400	5.5	25.0
SET_4	73	1PGAA	V29K	0.333	6.5	25.0
SET_4	73	1PGAA	N8M	0.365	6.5	25.0
SET_4	73	1PGAA	I6E	-1.028	6.5	25.0
SET_4	73	1PGAA	K28D	0.102	6.5	25.0
SET_4	73	1PGAA	T16L	0.969	6.5	25.0
SET_4	73	1PGAA	I6F	-0.104	6.5	25.0
SET_4	73	1PGAA	G14E	0.531	6.5	25.0
SET_4	73	1PGAA	E19Q	0.516	6.5	25.0
SET_4	73	1PGAA	N8A	-0.282	6.5	25.0
SET_4	73	1PGAA	T55F	-0.195	6.5	25.0
SET_4	73	1PGAA	A34E	-2.604	6.5	25.0
SET_4	73	1PGAA	T53I	0.100	5.2	20.0
SET_4	73	1PGAA	T44F	0.092	6.5	25.0
SET_4	73	1PGAA	K4V	-0.270	6.5	25.0
SET_4	73	1PGAA	T18R	-0.442	6.5	25.0
SET_4	73	1PGAA	K13R	0.326	6.5	25.0
SET_4	73	1PGAA	N35V	0.424	6.5	25.0
SET_4	73	1PGAA	D46S	-0.198	6.5	25.0
SET_4	73	1PGAA	T55Y	-0.138	6.5	25.0
SET_4	73	1PGAA	A48E	0.459	6.5	25.0
SET_4	73	1PGAA	G41I	0.584	6.5	25.0
SET_4	73	1PGAA	A23I	0.564	6.5	25.0
SET_4	73	1PGAA	D22H	-0.986	6.5	25.0
SET_4	73	1PGAA	T17S	0.388	6.5	25.0
SET_4	73	1PGAA	L5M	-0.677	6.5	25.0
SET_4	73	1PGAA	E27N	-1.638	6.5	25.0
SET_4	73	1PGAA	T44L	0.069	6.5	25.0
SET_4	73	1PGAA	L12G	-0.283	6.5	25.0
SET_4	73	1PGAA	D47H	-0.173	6.5	25.0
SET_4	73	1PGAA	T51I	-0.302	6.5	25.0
SET_4	73	1PGAA	T17R	0.214	6.5	25.0
SET_4	73	1PGAA	T17F	0.683	6.5	25.0
SET_4	73	1PGAA	D40L	0.170	6.5	25.0
SET_4	73	1PGAA	V39H	-1.566	6.5	25.0
SET_4	73	1PGAA	V29Y	0.191	6.5	25.0
SET_4	73	1PGAA	K31T	-0.484	6.5	25.0
SET_4	73	1PGAA	Q32P	0.612	6.5	25.0
SET_4	73	1PGAA	A34Y	-1.998	6.5	25.0
SET_4	73	1PGAA	N8G	-0.851	6.5	25.0
SET_4	73	1PGAA	M1T	0.498	6.5	25.0
SET_4	73	1PGAA	E56I	0.019	6.5	25.0
SET_4	73	1PGAA	G14F	0.670	6.5	25.0
SET_4	73	1PGAA	F52M	-2.706	6.5	25.0
SET_4	73	1PGAA	A24T	0.232	6.5	25.0
SET_4	73	1PGAA	K28F	0.271	6.5	25.0
SET_4	73	1PGAA	Y3R	-1.220	6.5	25.0
SET_4	73	1PGAA	T16P	-1.993	6.5	25.0
SET_4	73	1PGAA	D46H	-0.840	6.5	25.0
SET_4	73	1PGAA	M1Q	0.403	6.5	25.0
SET_4	73	1PGAA	D40Y	0.844	6.5	25.0
SET_4	73	1PGAA	A26S	-2.330	6.5	25.0
SET_4	73	1PGAA	T25H	0.674	6.5	25.0
SET_4	73	1PGAA	A24Y	0.443	6.5	25.0
SET_4	73	1PGAA	D47K	0.326	6.5	25.0
SET_4	73	1PGAA	T17P	-2.084	6.5	25.0
SET_4	73	1PGAA	E27Q	0.442	6.5	25.0
SET_4	73	1PGAA	K10D	-0.495	6.5	25.0
SET_4	73	1PGAA	E27G	0.006	6.5	25.0
SET_4	73	1PGAA	A24M	0.406	6.5	25.0
SET_4	73	1PGAA	T11E	0.463	6.5	25.0
SET_4	73	1PGAA	K31L	0.172	6.5	25.0
SET_4	73	1PGAA	T49K	-0.035	6.5	25.0
SET_4	73	1PGAA	T11Q	0.592	6.5	25.0
SET_4	73	1PGAA	E15M	0.719	6.5	25.0
SET_4	73	1PGAA	A34F	-1.853	6.5	25.0
SET_4	73	1PGAA	E27D	-0.716	6.5	25.0
SET_4	73	1PGAA	T16R	0.551	6.5	25.0
SET_4	73	1PGAA	V39F	0.670	6.5	25.0
SET_4	73	1PGAA	F30L	-0.482	6.5	25.0
SET_4	73	1PGAA	K10L	0.722	6.5	25.0
SET_4	73	1PGAA	K10R	0.650	6.5	25.0
SET_4	73	1PGAA	D46N	0.472	6.5	25.0
SET_4	73	1PGAA	V54M	-0.684	6.5	25.0
SET_4	73	1PGAA	T2M	1.002	6.5	25.0
SET_4	73	1PGAA	A20I	-1.861	6.5	25.0
SET_4	73	1PGAA	D36E	1.051	6.5	25.0
SET_4	73	1PGAA	N8S	-0.044	6.5	25.0
SET_4	73	1PGAA	V29D	-0.221	6.5	25.0
SET_4	73	1PGAA	K4I	1.082	6.5	25.0
SET_4	73	1PGAA	T25R	0.032	6.5	25.0
SET_4	73	1PGAA	G14Q	0.518	6.5	25.0
SET_4	73	1PGAA	T53F	-0.017	6.5	25.0
SET_4	73	1PGAA	T17I	0.058	6.5	25.0
SET_4	73	1PGAA	D47G	0.250	6.5	25.0
SET_4	73	1PGAA	N35I	0.681	6.5	25.0
SET_4	73	1PGAA	Y45V	-2.526	6.5	25.0
SET_4	73	1PGAA	I6V	0.487	6.5	25.0
SET_4	73	1PGAA	A48N	0.135	6.5	25.0
SET_4	73	1PGAA	Y45I	-2.238	6.5	25.0
SET_4	73	1PGAA	Q32E	0.382	6.5	25.0
SET_4	73	1PGAA	V21A	0.418	6.5	25.0
SET_4	73	1PGAA	T53K	-0.446	6.5	25.0
SET_4	73	1PGAA	V39P	-2.310	6.5	25.0
SET_4	73	1PGAA	E19Y	0.774	6.5	25.0
SET_4	73	1PGAA	V21M	0.522	6.5	25.0
SET_4	73	1PGAA	E27K	0.830	6.5	25.0
SET_4	73	1PGAA	N8D	0.188	6.5	25.0
SET_4	73	1PGAA	T17Q	0.284	6.5	25.0
SET_4	73	1PGAA	K28N	0.443	6.5	25.0
SET_4	73	1PGAA	T11K	0.351	6.5	25.0
SET_4	73	1PGAA	T55N	0.342	6.5	25.0
SET_4	73	1PGAA	E42V	0.276	6.5	25.0
SET_4	73	1PGAA	K50I	-1.524	6.5	25.0
SET_4	73	1PGAA	K10H	0.153	6.5	25.0
SET_4	73	1PGAA	K10A	0.217	6.5	25.0
SET_4	73	1PGAA	L7I	0.974	6.5	25.0
SET_4	73	1PGAA	T44N	-0.002	6.5	25.0
SET_4	73	1PGAA	T49E	-0.346	6.5	25.0
SET_4	73	1PGAA	V39D	-3.414	6.5	25.0
SET_4	73	1PGAA	A48P	-0.700	5.5	25.0
SET_4	73	1PGAA	D47R	0.176	6.5	25.0
SET_4	73	1PGAA	D46Y	-1.309	6.5	25.0
SET_4	73	1PGAA	G38T	-1.006	6.5	25.0
SET_4	73	1PGAA	T18L	0.796	6.5	25.0
SET_4	73	1PGAA	L7T	-1.135	6.5	25.0
SET_4	73	1PGAA	T51Q	-1.033	6.5	25.0
SET_4	73	1PGAA	K31S	-0.723	6.5	25.0
SET_4	73	1PGAA	Y33T	-1.641	6.5	25.0
SET_4	73	1PGAA	V39L	0.268	6.5	25.0
SET_4	73	1PGAA	I6L	-1.160	5.4	25.0
SET_4	73	1PGAA	D22M	-1.346	6.5	25.0
SET_4	73	1PGAA	V29R	0.438	6.5	25.0
SET_4	73	1PGAA	T16K	0.318	6.5	25.0
SET_4	73	1PGAA	V21K	0.536	6.5	25.0
SET_4	73	1PGAA	E42I	1.191	6.5	25.0
SET_4	73	1PGAA	L12F	1.255	6.5	25.0
SET_4	73	1PGAA	E15A	0.415	6.5	25.0
SET_4	73	1PGAA	A23R	0.594	6.5	25.0
SET_4	73	1PGAA	E42A	0.676	6.5	25.0
SET_4	73	1PGAA	D22F	-1.075	6.5	25.0
SET_4	73	1PGAA	N35H	0.037	6.5	25.0
SET_4	73	1PGAA	N37M	0.304	6.5	25.0
SET_4	73	1PGAA	Y33I	-0.141	6.5	25.0
SET_4	73	1PGAA	G14Y	0.243	6.5	25.0
SET_4	73	1PGAA	I6M	-0.501	6.5	25.0
SET_4	73	1PGAA	A20F	-1.732	6.5	25.0
SET_4	73	1PGAA	Q32H	-0.196	6.5	25.0
SET_4	73	1PGAA	D22T	-0.436	6.5	25.0
SET_4	73	1PGAA	E19M	0.187	6.5	25.0
SET_4	73	1PGAA	E42S	0.006	6.5	25.0
SET_4	73	1PGAA	A20D	-1.646	6.5	25.0
SET_4	73	1PGAA	V54P	0.422	6.5	25.0
SET_4	73	1PGAA	G38Y	-0.434	6.5	25.0
SET_4	73	1PGAA	A48K	0.499	6.5	25.0
SET_4	73	1PGAA	D36N	0.493	6.5	25.0
SET_4	73	1PGAA	A48L	0.514	6.5	25.0
SET_4	73	1PGAA	T11N	0.168	6.5	25.0
SET_4	73	1PGAA	Q32L	0.140	6.5	25.0
SET_4	73	1PGAA	Y3M	-2.602	6.5	25.0
SET_4	73	1PGAA	G14A	0.512	6.5	25.0
SET_4	73	1PGAA	A23L	0.223	6.5	25.0
SET_4	73	1PGAA	D40T	0.571	6.5	25.0
SET_4	73	1PGAA	L12V	0.632	6.5	25.0
SET_4	73	1PGAA	G9E	-1.997	6.5	25.0
SET_4	73	1PGAA	A34M	-0.454	6.5	25.0
SET_4	73	1PGAA	L12M	0.345	6.5	25.0
SET_4	73	1PGAA	D47E	0.688	6.5	25.0
SET_4	73	1PGAA	A48H	-0.083	6.5	25.0
SET_4	73	1PGAA	Y3I	-3.293	6.5	25.0
SET_4	73	1PGAA	E27T	-1.036	6.5	25.0
SET_4	73	1PGAA	I6H	-1.059	6.5	25.0
SET_4	73	1PGAA	G9Y	-0.536	6.5	25.0
SET_4	73	1PGAA	T55K	-0.637	6.5	25.0
SET_4	73	1PGAA	K13Q	1.070	6.5	25.0
SET_4	73	1PGAA	G41K	-2.411	6.5	25.0
SET_4	73	1PGAA	T44R	0.107	6.5	25.0
SET_4	73	1PGAA	T16M	0.698	6.5	25.0
SET_4	73	1PGAA	K13V	0.526	6.5	25.0
SET_4	73	1PGAA	I6A	-1.252	6.5	25.0
SET_4	73	1PGAA	V29F	0.592	6.5	25.0
SET_4	73	1PGAA	T53H	-0.980	6.5	25.0
SET_4	73	1PGAA	L7F	0.256	6.5	25.0
SET_4	73	1PGAA	T16I	1.011	6.5	25.0
SET_4	73	1PGAA	L7Y	-0.022	6.5	25.0
SET_4	73	1PGAA	N8V	0.129	6.5	25.0
SET_4	73	1PGAA	N37P	-3.694	6.5	25.0
SET_4	73	1PGAA	E27V	-0.915	6.5	25.0
SET_4	73	1PGAA	K28P	-1.230	6.5	25.0
SET_4	73	1PGAA	T16V	0.501	6.5	25.0
SET_4	73	1PGAA	T53L	-0.370	6.5	25.0
SET_4	73	1PGAA	V29P	-2.722	6.5	25.0
SET_4	73	1PGAA	T55H	-0.662	6.5	25.0
SET_4	73	1PGAA	Q32R	0.388	6.5	25.0
SET_4	73	1PGAA	D47V	-0.006	6.5	25.0
SET_4	73	1PGAA	G38L	0.042	6.5	25.0
SET_4	73	1PGAA	G38Q	0.193	6.5	25.0
SET_4	73	1PGAA	D47F	0.581	6.5	25.0
SET_4	73	1PGAA	K31E	-0.779	6.5	25.0
SET_4	73	1PGAA	T55M	-0.475	6.5	25.0
SET_4	73	1PGAA	N37L	0.954	6.5	25.0
SET_4	73	1PGAA	T51D	-3.311	6.5	25.0
SET_4	73	1PGAA	L7R	-2.072	6.5	25.0
SET_4	73	1PGAA	A34L	0.112	6.5	25.0
SET_4	73	1PGAA	I6Y	-0.210	6.5	25.0
SET_4	73	1PGAA	A20S	-0.202	6.5	25.0
SET_4	73	1PGAA	N37F	1.005	6.5	25.0
SET_4	73	1PGAA	D22L	-1.175	6.5	25.0
SET_4	73	1PGAA	G14N	0.025	6.5	25.0
SET_4	73	1PGAA	G9H	-1.220	6.5	25.0
SET_4	73	1PGAA	T18K	-0.953	6.5	25.0
SET_4	73	1PGAA	T11R	0.392	6.5	25.0
SET_4	73	1PGAA	E56L	-0.142	6.5	25.0
SET_4	73	1PGAA	M1P	0.059	6.5	25.0
SET_4	73	1PGAA	Y33H	-1.444	6.5	25.0
SET_4	73	1PGAA	D22R	-1.470	6.5	25.0
SET_4	73	1PGAA	D46Q	-0.383	6.5	25.0
SET_4	73	1PGAA	V54D	-2.667	6.5	25.0
SET_4	73	1PGAA	G38R	-0.418	6.5	25.0
SET_4	73	1PGAA	A34I	-0.670	6.5	25.0
SET_4	73	1PGAA	K50D	-1.329	6.5	25.0
SET_4	73	1PGAA	E15P	-1.979	6.5	25.0
SET_4	73	1PGAA	A24K	0.775	6.5	25.0
SET_4	73	1PGAA	T44M	-0.115	6.5	25.0
SET_4	73	1PGAA	I6T	-0.913	6.5	25.0
SET_4	73	1PGAA	A20T	-0.947	6.5	25.0
SET_4	73	1PGAA	F52A	-1.070	7.0	60.0
SET_4	73	1PGAA	N37D	-1.124	6.5	25.0
SET_4	73	1PGAA	E15T	0.012	6.5	25.0
SET_4	73	1PGAA	T49H	-0.473	6.5	25.0
SET_4	73	1PGAA	N35T	0.476	6.5	25.0
SET_4	73	1PGAA	A20H	-1.914	6.5	25.0
SET_4	73	1PGAA	K10Q	0.114	6.5	25.0
SET_4	73	1PGAA	L12S	-0.059	6.5	25.0
SET_4	73	1PGAA	V29G	-0.912	6.5	25.0
SET_4	73	1PGAA	L12H	0.283	6.5	25.0
SET_4	73	1PGAA	K13P	-0.994	6.5	25.0
SET_4	73	1PGAA	L12Y	1.776	6.5	25.0
SET_4	73	1PGAA	V39E	-0.273	6.5	25.0
SET_4	73	1PGAA	K28M	0.579	6.5	25.0
SET_4	73	1PGAA	V29T	0.414	6.5	25.0
SET_4	73	1PGAA	E42Q	0.714	6.5	25.0
SET_4	73	1PGAA	T16E	-0.231	6.5	25.0
SET_4	73	1PGAA	D47P	0.899	6.5	25.0
SET_4	73	1PGAA	T53N	-0.651	6.5	25.0
SET_4	73	1PGAA	E19G	-1.472	6.5	25.0
SET_4	73	1PGAA	T16Y	1.313	6.5	25.0
SET_4	73	1PGAA	Y33E	-1.739	6.5	25.0
SET_4	73	1PGAA	N8E	-0.007	6.5	25.0
SET_4	73	1PGAA	G9I	-0.593	6.5	25.0
SET_4	73	1PGAA	D46M	-0.842	6.5	25.0
SET_4	73	1PGAA	K31I	0.185	6.5	25.0
SET_4	73	1PGAA	D40I	0.589	6.5	25.0
SET_4	73	1PGAA	K13E	0.025	6.5	25.0
SET_4	73	1PGAA	E15V	0.922	6.5	25.0
SET_4	73	1PGAA	A24D	0.268	6.5	25.0
SET_4	73	1PGAA	T49R	-0.467	6.5	25.0
SET_4	73	1PGAA	T25F	0.387	6.5	25.0
SET_4	73	1PGAA	D36G	-0.951	6.5	25.0
SET_4	73	1PGAA	K50N	0.376	6.5	25.0
SET_4	73	1PGAA	E42L	0.607	6.5	25.0
SET_4	73	1PGAA	Q32V	-0.130	6.5	25.0
SET_4	73	1PGAA	N8L	0.953	6.5	25.0
SET_4	73	1PGAA	A23M	0.510	6.5	25.0
SET_4	73	1PGAA	T44Q	0.216	6.5	25.0
SET_4	73	1PGAA	N37G	-0.936	6.5	25.0
SET_4	73	1PGAA	D22Q	-1.206	6.5	25.0
SET_4	73	1PGAA	N35K	1.043	6.5	25.0
SET_4	73	1PGAA	E15G	-0.219	6.5	25.0
SET_4	73	1PGAA	T49Q	-0.389	6.5	25.0
SET_4	73	1PGAA	A48I	0.065	6.5	25.0
SET_4	73	1PGAA	K10S	-0.130	6.5	25.0
SET_4	73	1PGAA	K28L	0.313	6.5	25.0
SET_4	73	1PGAA	G14T	0.390	6.5	25.0
SET_4	73	1PGAA	L7V	0.085	6.5	25.0
SET_4	73	1PGAA	L7Q	-1.537	6.5	25.0
SET_4	73	1PGAA	K10F	0.223	6.5	25.0
SET_4	73	1PGAA	T2E	0.130	6.5	25.0
SET_4	73	1PGAA	T49N	0.073	6.5	25.0
SET_4	73	1PGAA	A48R	0.122	6.5	25.0
SET_4	73	1PGAA	F30R	-0.278	6.5	25.0
SET_4	73	1PGAA	G38S	-0.173	6.5	25.0
SET_4	73	1PGAA	F52Y	-0.343	6.5	25.0
SET_4	73	1PGAA	K10G	-0.351	6.5	25.0
SET_4	73	1PGAA	T2K	0.305	6.5	25.0
SET_4	73	1PGAA	I6S	-1.380	6.5	25.0
SET_4	73	1PGAA	K50L	0.546	6.5	25.0
SET_4	73	1PGAA	D47Q	0.585	6.5	25.0
SET_4	73	1PGAA	Y3F	0.550	6.5	25.0
SET_4	73	1PGAA	N35L	0.851	6.5	25.0
SET_4	73	1PGAA	A20P	-3.480	6.5	25.0
SET_4	73	1PGAA	T25K	-0.083	6.5	25.0
SET_4	73	1PGAA	A23P	-0.300	5.5	25.0
SET_4	73	1PGAA	T44K	0.205	6.5	25.0
SET_4	73	1PGAA	F30M	-1.663	6.5	25.0
SET_4	73	1PGAA	T49M	-0.449	6.5	25.0
SET_4	73	1PGAA	T16S	0.007	6.5	25.0
SET_4	73	1PGAA	L5Y	-2.758	6.5	25.0
SET_4	73	1PGAA	T51H	-2.158	6.5	25.0
SET_4	73	1PGAA	E56Q	0.208	6.5	25.0
SET_4	73	1PGAA	T11F	0.764	6.5	25.0
SET_4	73	1PGAA	T44D	-0.061	6.5	25.0
SET_4	73	1PGAA	E19R	0.724	6.5	25.0
SET_4	73	1PGAA	D40V	0.587	6.5	25.0
SET_4	73	1PGAA	M1S	0.680	6.5	25.0
SET_4	73	1PGAA	L12Q	0.140	6.5	25.0
SET_4	73	1PGAA	K28T	0.185	6.5	25.0
SET_4	73	1PGAA	Y33A	-0.920	6.0	22.0
SET_4	73	1PGAA	V54Y	-1.728	6.5	25.0
SET_4	73	1PGAA	D46G	-2.667	6.5	25.0
SET_4	73	1PGAA	A23K	0.479	6.5	25.0
SET_4	73	1PGAA	G9K	-1.227	6.5	25.0
SET_4	73	1PGAA	M1I	0.429	6.5	25.0
SET_4	73	1PGAA	M1N	0.434	6.5	25.0
SET_4	73	1PGAA	G41Y	-2.488	6.5	25.0
SET_4	73	1PGAA	I6D	-1.965	6.5	25.0
SET_4	73	1PGAA	A34K	-2.810	6.5	25.0
SET_4	73	1PGAA	A20Q	0.116	6.5	25.0
SET_4	73	1PGAA	N37H	0.697	6.5	25.0
SET_4	73	1PGAA	A34R	-2.928	6.5	25.0
SET_4	73	1PGAA	L12I	0.991	6.5	25.0
SET_4	73	1PGAA	E15L	0.156	6.5	25.0
SET_4	73	1PGAA	G9D	-2.502	6.5	25.0
SET_4	73	1PGAA	T25S	0.506	6.5	25.0
SET_4	73	1PGAA	A24Q	0.046	6.5	25.0
SET_4	73	1PGAA	K4F	1.040	6.5	25.0
SET_4	73	1PGAA	D22S	0.625	6.5	25.0
SET_4	73	1PGAA	A24R	0.537	6.5	25.0
SET_4	73	1PGAA	D36V	0.300	6.5	25.0
SET_4	73	1PGAA	E56P	-0.657	6.5	25.0
SET_4	73	1PGAA	K4H	0.736	6.5	25.0
SET_4	73	1PGAA	T11M	0.387	6.5	25.0
SET_4	73	1PGAA	T17M	0.056	6.5	25.0
SET_4	73	1PGAA	A24S	0.219	6.5	25.0
SET_4	73	1PGAA	M1L	0.457	6.5	25.0
SET_4	73	1PGAA	V39K	-1.962	6.5	25.0
SET_4	73	1PGAA	K13L	-0.058	6.5	25.0
SET_4	73	1PGAA	T49L	0.205	6.5	25.0
SET_4	73	1PGAA	K13Y	0.688	6.5	25.0
SET_4	73	1PGAA	V29A	0.140	6.5	25.0
SET_4	73	1PGAA	M1Y	0.680	6.5	25.0
SET_4	73	1PGAA	D22I	-2.207	6.5	25.0
SET_4	73	1PGAA	T18M	0.623	6.5	25.0
SET_4	73	1PGAA	T2G	-0.668	6.5	25.0
SET_4	73	1PGAA	K50F	0.344	6.5	25.0
SET_4	73	1PGAA	M1H	0.669	6.5	25.0
SET_4	73	1PGAA	K31Y	-0.483	6.5	25.0
SET_4	73	1PGAA	G14L	1.250	6.5	25.0
SET_4	73	1PGAA	K13S	0.572	6.5	25.0
SET_4	73	1PGAA	K4T	0.481	6.5	25.0
SET_4	73	1PGAA	D40F	0.824	6.5	25.0
SET_4	73	1PGAA	K10P	-0.200	5.5	25.0
SET_4	73	1PGAA	E56Y	0.680	6.5	25.0
SET_4	73	1PGAA	N37K	1.018	6.5	25.0
SET_4	73	1PGAA	D22K	-1.217	6.5	25.0
SET_4	73	1PGAA	T53Q	-0.351	6.5	25.0
SET_4	73	1PGAA	K4Q	-0.172	6.5	25.0
SET_4	73	1PGAA	D36M	0.498	6.5	25.0
SET_4	73	1PGAA	F52V	-2.992	6.5	25.0
SET_4	73	1PGAA	E15N	0.163	6.5	25.0
SET_4	73	1PGAA	T18N	-0.874	6.5	25.0
SET_4	73	1PGAA	A23D	-0.439	6.5	25.0
SET_4	73	1PGAA	K4Y	0.825	6.5	25.0
SET_4	73	1PGAA	K28S	0.363	6.5	25.0
SET_4	73	1PGAA	N8Q	0.287	6.5	25.0
SET_4	73	1PGAA	G9S	0.025	6.5	25.0
SET_4	73	1PGAA	V29L	0.292	6.5	25.0
SET_4	73	1PGAA	G41M	0.189	6.5	25.0
SET_4	73	1PGAA	A48F	0.004	6.5	25.0
SET_4	73	1PGAA	D36Q	0.409	6.5	25.0
SET_4	73	1PGAA	T2Y	0.148	6.5	25.0
SET_4	73	1PGAA	V39Y	-0.420	6.5	25.0
SET_4	73	1PGAA	D22E	-0.821	6.5	25.0
SET_4	73	1PGAA	D22P	-2.932	6.5	25.0
SET_4	73	1PGAA	T53E	-0.100	5.2	20.0
SET_4	73	1PGAA	T2R	0.091	6.5	25.0
SET_4	73	1PGAA	K28E	0.559	6.5	25.0
SET_4	73	1PGAA	A23Q	0.796	6.5	25.0
SET_4	73	1PGAA	Y33Q	-1.337	6.5	25.0
SET_4	73	1PGAA	T11D	0.459	6.5	25.0
SET_4	73	1PGAA	T25N	0.017	6.5	25.0
SET_4	73	1PGAA	T51R	-1.846	6.5	25.0
SET_4	73	1PGAA	T53M	0.153	6.5	25.0
SET_4	73	1PGAA	D36R	0.408	6.5	25.0
SET_4	73	1PGAA	T25Q	0.470	6.5	25.0
SET_4	73	1PGAA	V21Y	0.639	6.5	25.0
SET_4	73	1PGAA	E15H	-0.252	6.5	25.0
SET_4	73	1PGAA	V29Q	0.376	6.5	25.0
SET_4	73	1PGAA	K28R	0.913	6.5	25.0
SET_4	73	1PGAA	D36L	0.292	6.5	25.0
SET_4	73	1PGAA	E15I	0.603	6.5	25.0
SET_4	73	1PGAA	G14V	0.520	6.5	25.0
SET_4	73	1PGAA	D47L	-0.332	6.5	25.0
SET_4	73	1PGAA	N8Y	0.210	6.5	25.0
SET_4	73	1PGAA	G38E	-0.132	6.5	25.0
SET_4	73	1PGAA	E19L	0.369	6.5	25.0
SET_4	73	1PGAA	T16D	-1.038	6.5	25.0
SET_4	73	1PGAA	K13N	0.011	6.5	25.0
SET_4	73	1PGAA	Y3L	-3.308	6.5	25.0
SET_4	73	1PGAA	V29E	0.118	6.5	25.0
SET_4	73	1PGAA	Y33N	-1.953	6.5	25.0
SET_4	73	1PGAA	A24G	0.148	6.5	25.0
SET_4	73	1PGAA	G38I	-1.439	6.5	25.0
SET_4	73	1PGAA	D46T	-0.804	6.5	25.0
SET_4	73	1PGAA	T18I	0.760	7.0	70.0
SET_4	73	1PGAA	V21H	0.194	6.5	25.0
SET_4	73	1PGAA	L7H	-1.591	6.5	25.0
SET_4	73	1PGAA	D46K	-0.608	6.5	25.0
SET_4	73	1PGAA	E42N	0.248	6.5	25.0
SET_4	73	1PGAA	V54Q	-2.905	6.5	25.0
SET_4	73	1PGAA	E42F	0.625	6.5	25.0
SET_4	73	1PGAA	E27S	-0.359	6.5	25.0
SET_4	73	1PGAA	G14I	0.807	6.5	25.0
SET_4	73	1PGAA	T11H	0.421	6.5	25.0
SET_4	73	1PGAA	K50S	-0.290	6.5	25.0
SET_4	73	1PGAA	N35F	1.001	6.5	25.0
SET_4	73	1PGAA	N8F	0.349	6.5	25.0
SET_4	73	1PGAA	T49Y	-0.825	6.5	25.0
SET_4	73	1PGAA	N37V	0.477	6.5	25.0
SET_4	73	1PGAA	N8P	-1.448	6.5	25.0
SET_4	73	1PGAA	Y45S	-2.968	6.5	25.0
SET_4	73	1PGAA	M1E	0.641	6.5	25.0
SET_4	73	1PGAA	T49F	-0.691	6.5	25.0
SET_4	73	1PGAA	E15R	0.276	6.5	25.0
SET_4	73	1PGAA	K4S	0.175	6.5	25.0
SET_4	73	1PGAA	V21F	1.099	6.5	25.0
SET_4	73	1PGAA	K10N	0.097	6.5	25.0
SET_4	73	1PGAA	V54T	-1.676	6.5	25.0
SET_4	73	1PGAA	K50E	-1.087	6.5	25.0
SET_4	73	1PGAA	N35M	0.176	6.5	25.0
SET_4	73	1PGAA	V21L	0.415	6.5	25.0
SET_4	73	1PGAA	T11V	0.536	6.5	25.0
SET_4	73	1PGAA	Y33K	-1.525	6.5	25.0
SET_4	73	1PGAA	N37Y	0.783	6.5	25.0
SET_4	73	1PGAA	I6K	-0.473	6.5	25.0
SET_4	73	1PGAA	E15F	0.566	6.5	25.0
SET_4	73	1PGAA	L12T	0.416	6.5	25.0
SET_4	73	1PGAA	E42T	0.127	6.5	25.0
SET_4	73	1PGAA	D47T	-0.066	6.5	25.0
SET_4	73	1PGAA	T44A	0.396	6.5	25.0
SET_4	73	1PGAA	A34V	0.015	6.5	25.0
SET_4	73	1PGAA	Q32D	0.049	6.5	25.0
SET_4	73	1PGAA	G38M	-0.466	6.5	25.0
SET_4	73	1PGAA	V39R	-2.039	6.5	25.0
SET_4	73	1PGAA	L7E	-2.786	6.5	25.0
SET_4	73	1PGAA	T25D	0.227	6.5	25.0
SET_4	73	1PGAA	G41R	0.434	6.5	25.0
SET_4	73	1PGAA	M1R	0.510	6.5	25.0
SET_4	73	1PGAA	N35R	0.333	6.5	25.0
SET_4	73	1PGAA	K28Y	0.247	6.5	25.0
SET_4	73	1PGAA	Y33L	-0.722	6.5	25.0
SET_4	73	1PGAA	E19P	-0.778	6.5	25.0
SET_4	73	1PGAA	L12P	-1.231	6.5	25.0
SET_4	73	1PGAA	T16H	0.510	6.5	25.0
SET_4	73	1PGAA	T18F	0.563	6.5	25.0
SET_4	73	1PGAA	T2V	1.309	6.5	25.0
SET_4	73	1PGAA	T11P	-1.028	6.5	25.0
SET_4	73	1PGAA	V21E	0.759	6.5	25.0
SET_4	73	1PGAA	G9Q	-1.055	6.5	25.0
SET_4	73	1PGAA	A26P	-3.400	5.5	25.0
SET_4	73	1PGAA	Y45D	-1.050	6.5	25.0
SET_4	73	1PGAA	G9T	0.300	6.5	25.0
SET_4	73	1PGAA	N8K	0.453	6.5	25.0
SET_4	73	1PGAA	E56H	-1.057	6.5	25.0
SET_4	73	1PGAA	D36H	-0.095	6.5	25.0
SET_4	73	1PGAA	K50T	-1.168	6.5	25.0
SET_4	73	1PGAA	T51N	-2.194	6.5	25.0
SET_4	73	1PGAA	L7K	-2.762	6.5	25.0
SET_4	73	1PGAA	F30V	-2.531	6.5	25.0
SET_4	73	1PGAA	K13I	0.227	6.5	25.0
SET_4	73	1PGAA	T17H	-0.049	6.5	25.0
SET_4	73	1PGAA	A20E	-0.582	6.5	25.0
SET_4	73	1PGAA	E56D	-0.105	6.5	25.0
SET_4	73	1PGAA	E56S	-0.169	6.5	25.0
SET_4	73	1PGAA	E42R	0.554	6.5	25.0
SET_4	73	1PGAA	K28H	0.068	6.5	25.0
SET_4	73	1PGAA	D47Y	0.355	6.5	25.0
SET_4	73	1PGAA	E27I	0.099	6.5	25.0
SET_4	73	1PGAA	M1A	0.141	6.5	25.0
SET_4	73	1PGAA	Y45M	-2.494	6.5	25.0
SET_4	73	1PGAA	D36T	-0.201	6.5	25.0
SET_4	73	1PGAA	A23T	0.318	6.5	25.0
SET_4	73	1PGAA	D47M	-0.755	6.5	25.0
SET_4	73	1PGAA	D46V	-0.512	6.5	25.0
SET_4	73	1PGAA	L12R	0.242	6.5	25.0
SET_4	73	1PGAA	K50Y	0.460	6.5	25.0
SET_4	73	1PGAA	E56M	-0.287	6.5	25.0
SET_4	73	1PGAA	T49D	-0.844	6.5	25.0
SET_4	73	1PGAA	T18H	-0.424	6.5	25.0
SET_4	73	1PGAA	V39Q	-1.520	6.5	25.0
SET_4	73	1PGAA	V21R	0.508	6.5	25.0
SET_4	73	1PGAA	Y45R	-2.224	6.5	25.0
SET_4	73	1PGAA	N37Q	0.944	6.5	25.0
SET_4	73	1PGAA	T51E	-0.762	6.5	25.0
SET_4	73	1PGAA	A34H	-3.191	6.5	25.0
SET_4	73	1PGAA	T44Y	0.400	6.5	25.0
SET_4	73	1PGAA	A20R	-1.467	6.5	25.0
SET_4	73	1PGAA	E27F	1.915	6.5	25.0
SET_4	73	1PGAA	T16N	-0.142	6.5	25.0
SET_4	73	1PGAA	K4R	0.773	6.5	25.0
SET_4	73	1PGAA	E19V	-0.093	6.5	25.0
SET_4	73	1PGAA	K28V	0.235	6.5	25.0
SET_4	73	1PGAA	D46F	-0.524	6.5	25.0
SET_4	73	1PGAA	D40A	0.115	6.5	25.0
SET_4	73	1PGAA	K13F	0.641	6.5	25.0
SET_4	73	1PGAA	Q32T	0.319	6.5	25.0
SET_4	73	1PGAA	T16Q	0.327	6.5	25.0
SET_4	73	1PGAA	V54S	-1.542	6.5	25.0
SET_4	73	1PGAA	A24L	0.270	6.5	25.0
SET_4	73	1PGAA	N35E	0.745	6.5	25.0
SET_4	73	1PGAA	N8R	0.636	6.5	25.0
SET_4	73	1PGAA	D40M	0.458	6.5	25.0
SET_4	73	1PGAA	F52I	-0.243	6.5	25.0
SET_4	73	1PGAA	K28I	0.722	6.5	25.0
SET_4	73	1PGAA	A24F	0.618	6.5	25.0
SET_4	73	1PGAA	T2I	1.004	6.5	25.0
SET_4	73	1PGAA	D47S	0.456	6.5	25.0
SET_4	73	1PGAA	F52G	-2.270	7.0	60.0
SET_4	73	1PGAA	T44E	0.271	6.5	25.0
SET_4	73	1PGAA	T17Y	0.713	6.5	25.0
SET_4	73	1PGAA	A48Q	0.538	6.5	25.0
SET_4	73	1PGAA	V39M	-0.273	6.5	25.0
SET_4	73	1PGAA	G9L	0.319	6.5	25.0
SET_4	73	1PGAA	Q32G	-1.000	6.0	22.0
SET_4	73	1PGAA	E56R	-1.339	6.5	25.0
SET_4	73	1PGAA	A24E	0.668	6.5	25.0
SET_4	73	1PGAA	T18Y	0.155	6.5	25.0
SET_4	73	1PGAA	T55R	-0.131	6.5	25.0
SET_4	73	1PGAA	G9F	0.002	6.5	25.0
SET_4	73	1PGAA	Y33V	-0.438	6.5	25.0
SET_4	73	1PGAA	L12D	-0.680	6.5	25.0
SET_4	73	1PGAA	T17L	-0.068	6.5	25.0
SET_4	73	1PGAA	T51K	-1.384	6.5	25.0
SET_4	73	1PGAA	T44G	-0.178	6.5	25.0
SET_4	73	1PGAA	E42H	0.031	6.5	25.0
SET_4	73	1PGAA	D36K	0.198	6.5	25.0
SET_4	73	1PGAA	T2L	0.542	6.5	25.0
SET_4	73	1PGAA	Q32M	0.495	6.5	25.0
SET_4	73	1PGAA	T25E	0.615	6.5	25.0
SET_4	73	1PGAA	E27A	0.406	6.5	25.0
SET_4	73	1PGAA	T51M	-0.980	6.5	25.0
SET_4	73	1PGAA	T53D	-1.704	6.5	25.0
SET_4	73	1PGAA	N35Q	0.836	6.5	25.0
SET_4	73	1PGAA	A20K	-1.770	6.5	25.0
SET_4	73	1PGAA	D47I	0.742	6.5	25.0
SET_4	73	1PGAA	N37S	0.224	6.5	25.0
SET_4	73	1PGAA	L12E	-0.247	6.5	25.0
SET_4	73	1PGAA	A24I	0.553	6.5	25.0
SET_4	72	1PFLA	E116G	0.150	7.4	25.0
SET_4	72	1PFLA	C70G	-0.590	7.4	25.0
SET_4	72	1PFLA	G117V	-1.960	7.4	25.0
SET_4	72	1PFLA	M113T	-2.520	7.4	25.0
SET_5	29	1UBQA	A28W	1.720	7.0	30.0
SET_5	29	1UBQA	T66W	-0.240	7.0	30.0
SET_5	29	1UBQA	S57W	-0.020	7.0	30.0
SET_5	29	1UBQA	V26L	0.300	5.0	25.0
SET_5	29	1UBQA	M1W	2.100	7.0	30.0
SET_5	29	1UBQA	E16W	1.460	7.0	30.0
SET_5	29	1UBQA	R54W	1.050	7.0	30.0
SET_5	29	1UBQA	L8W	-1.030	7.0	30.0
SET_5	29	1UBQA	K29Q	-0.200	5.0	10.0
SET_5	29	1UBQA	Q62W	0.380	7.0	30.0
SET_5	29	1UBQA	K6E	0.790	5.5	25.0
SET_5	29	1UBQA	R42E	0.300	5.0	10.0
SET_5	29	1UBQA	Y59W	-0.570	7.0	30.0
SET_5	29	1UBQA	L73W	0.050	7.0	30.0
SET_5	29	1UBQA	E51W	-0.240	7.0	30.0
SET_5	29	1UBQA	V70W	0.020	7.0	30.0
SET_5	29	1UBQA	T12W	0.380	7.0	30.0
SET_5	29	1UBQA	D32W	-0.480	7.0	30.0
SET_5	29	1UBQA	I61V	-1.100	7.4	37.0
SET_5	29	1UBQA	E24W	1.310	7.0	30.0
SET_5	29	1UBQA	K29N	-1.200	5.0	10.0
SET_5	29	5TR5A	R33Q	-0.650	7.0	5.0
SET_5	29	1UBQA	S20W	-1.200	7.0	30.0
SET_5	29	1UBQA	N60W	-0.720	7.0	30.0
SET_5	29	1UBQA	L71W	-0.260	7.0	30.0
SET_5	29	1UBQA	F4W	-0.050	7.0	30.0
SET_5	29	1UBQA	G53W	0.550	7.0	30.0
SET_5	29	1UBQA	D39W	1.770	7.0	30.0
SET_5	29	5TR5A	T55I	0.240	7.0	5.0
SET_5	29	1UBQA	R42W	0.290	7.0	30.0
SET_5	29	1UBQA	E64W	-1.360	7.0	30.0
SET_5	29	1UBQA	H68W	-0.810	7.0	30.0
SET_5	29	5TR5A	G12R	-0.310	7.0	5.0
SET_5	29	1UBQA	F45W	0.170	7.0	30.0
SET_5	29	1UBQA	V26I	1.100	5.0	25.0
SET_5	29	1UBQA	G35W	-2.030	7.0	30.0
SET_5	29	5TR5A	P37L	-0.290	7.0	5.0
SET_5	29	1UBQA	K48W	-0.930	7.0	30.0
SET_5	128	5T43A	C153S	-2.600	7.3	25.0
SET_5	59	1K85A	Y592L	-5.970	5.0	25.0
SET_5	59	1K85A	Y620L	-4.380	5.0	25.0
SET_5	59	1K85A	L566A	-2.520	5.0	25.0
SET_5	59	1K85A	N596A	-1.000	5.0	25.0
SET_5	59	1K85A	T602A	1.490	5.0	25.0
SET_5	59	1K85A	S568A	0.100	5.0	25.0
SET_5	55	1IOJA	G15A	0.400	7.6	50.0
SET_5	51	1HK0X	I81A	-2.400	7.0	37.0
SET_5	51	1HK0X	R79A	-1.000	7.0	37.0
SET_5	51	1HK0X	Q143A	-0.500	7.0	37.0
SET_5	51	1HK0X	F56A	-1.600	7.0	37.0
SET_5	51	1HK0X	V132A	-2.700	7.0	37.0
SET_5	114	2TRXA	P34S	-0.100	7.0	25.0
SET_5	114	2TRXA	L78K	-3.900	7.0	85.3
SET_5	114	2TRXA	L78R	-4.000	7.0	85.3
SET_5	111	2Q98A	H97A	1.070	5.8	25.0
SET_5	111	2Q98A	H27A	1.290	7.8	25.0
SET_5	111	2Q98A	H173A	0.240	5.8	25.0
SET_5	111	2Q98A	H180A	1.390	5.8	25.0
SET_5	111	2Q98A	H138A	2.040	5.8	25.0
SET_5	39	1BVCA	E109A	0.360	4.2	4.0
SET_5	39	1BVCA	M131A	-2.200	7.8	4.0
SET_5	39	1BVCA	F123T	-3.500	7.5	0.0
SET_5	39	1BVCA	A130K	-2.100	7.8	4.0
SET_5	39	1BVCA	A144L	0.400	5.0	25.0
SET_5	39	1BVCA	E4A	0.550	4.0	25.0
SET_5	39	1BVCA	A125L	0.600	5.0	25.0
SET_5	39	1BVCA	D44A	0.150	4.0	25.0
SET_5	39	1BVCA	Q8A	1.070	4.2	4.0
SET_5	39	1BVCA	E18A	0.500	4.0	25.0
SET_5	39	1BVCA	H36Q	-0.800	7.8	4.0
SET_5	39	1BVCA	H24V	-0.540	7.0	0.0
SET_5	39	1BVCA	H48Q	-0.510	7.0	0.0
SET_5	39	1BVCA	W14F	-1.100	7.8	4.0
SET_5	39	1BVCA	W7F	-0.900	7.8	4.0
SET_5	39	1BVCA	A15L	0.100	5.0	25.0
SET_5	39	1BVCA	F123K	-2.100	7.8	4.0
SET_5	37	1BPIA	Q31A	-1.000	7.0	39.0
SET_5	37	1BPIA	G36D	-2.800	8.7	25.0
SET_5	37	1BPIA	A16T	-1.700	8.7	25.0
SET_5	37	1BPIA	F33L	-1.300	8.7	25.0
SET_5	37	1BPIA	P13S	-1.400	8.7	25.0
SET_5	37	1BPIA	M52A	-1.700	7.0	39.0
SET_5	37	1BPIA	G36S	-0.700	4.6	72.6
SET_5	37	1BPIA	F33I	-2.400	8.7	25.0
SET_5	37	1BPIA	G12D	-4.300	8.7	25.0
SET_5	37	1BPIA	D3A	0.200	7.0	39.0
SET_5	37	1BPIA	Y10A	-1.200	7.0	39.0
SET_5	68	1NFIE	T113S	-0.900	7.5	10.0
SET_5	68	1NFIE	T164L	0.800	7.5	10.0
SET_5	68	1NFIE	T185S	-0.800	7.5	10.0
SET_5	68	1NFIE	G194A	-1.100	7.5	10.0
SET_5	68	1NFIE	T146S	-1.600	7.5	10.0
SET_5	68	1NFIE	V160A	0.200	7.5	10.0
SET_5	68	1NFIE	L131V	-1.800	7.5	10.0
SET_5	68	1NFIE	C186P	0.700	7.5	10.0
SET_5	68	1NFIE	V203L	0.800	7.5	10.0
SET_5	68	1NFIE	A127V	0.300	7.5	10.0
SET_5	68	1NFIE	L163V	-1.300	7.5	10.0
SET_5	91	1W4HA	L131A	-0.900	7.0	10.0
SET_5	91	1W4HA	A130W	0.600	7.0	25.0
SET_5	91	1W4HA	V154G	-0.840	7.0	0.0
SET_5	91	1W4HA	L131W	-0.700	7.0	25.0
SET_5	91	1W4HA	P133A	0.380	7.0	0.0
SET_5	91	1W4HA	A140G	-1.020	7.0	0.0
SET_5	91	1W4HA	H166A	0.060	7.0	0.0
SET_5	91	1W4HA	S132G	-0.570	7.0	10.0
SET_5	91	1W4HA	H166G	-1.580	7.0	0.0
SET_5	91	1W4HA	H142W	-0.100	7.0	25.0
SET_5	92	1WQ5A	F258W	-1.400	7.8	23.0
SET_5	92	1WQ5A	E49S	-1.050	7.0	25.0
SET_5	92	1WQ5A	P93S	-4.100	7.8	25.0
SET_5	14	1AJ3A	T40A	0.300	7.0	25.0
SET_5	14	1U4QA	Q1752A	-0.460	7.0	25.0
SET_5	14	1U4QA	T1670A	0.150	7.0	25.0
SET_5	14	1U4QA	T1670G	-0.790	7.0	25.0
SET_5	14	1AJ3A	N44G	-0.400	7.0	25.0
SET_5	14	1U4QA	H1705A	-1.360	7.0	25.0
SET_5	14	1U4QA	L1707G	-1.730	7.0	25.0
SET_5	14	1AJ3A	H10A	0.500	7.0	25.0
SET_5	14	1U4QA	F1677A	0.250	7.0	25.0
SET_5	14	1U4QA	D1717G	-0.450	7.0	25.0
SET_5	14	1U4QA	R1761A	-1.130	7.0	25.0
SET_5	14	1U4QA	I1672A	-0.600	7.0	25.0
SET_5	14	1AJ3A	E25A	0.100	7.0	25.0
SET_5	14	1AJ3A	S21A	0.500	7.0	25.0
SET_5	14	1U4QA	S1724G	-0.800	7.0	25.0
SET_5	14	1U4QA	D1742G	-0.980	7.0	25.0
SET_5	14	1AJ3A	D93A	0.700	7.0	25.0
SET_5	14	1U4QA	E1745G	-1.020	7.0	25.0
SET_5	14	1U4QA	N1700G	-0.670	7.0	25.0
SET_5	14	1U4QA	S1724A	0.370	7.0	25.0
SET_5	14	1AJ3A	F91L	0.500	7.0	25.0
SET_5	14	1AJ3A	K47A	0.400	7.0	25.0
SET_5	14	1U4QA	S1756G	-0.770	7.0	25.0
SET_5	14	1AJ3A	P61A	0.400	7.0	25.0
SET_5	14	1AJ3A	N44A	0.200	7.0	25.0
SET_5	14	1AJ3A	H10G	-0.500	7.0	25.0
SET_5	14	1AJ3A	M16A	-2.200	7.0	25.0
SET_5	14	1U4QA	K1673A	0.610	7.0	25.0
SET_5	14	1U4QA	K1703G	-1.020	7.0	25.0
SET_5	14	1U4QA	F1668A	-1.680	7.0	25.0
SET_5	14	1AJ3A	R51A	0.300	7.0	25.0
SET_5	14	1AJ3A	R51G	-0.600	7.0	25.0
SET_5	14	1U4QA	A1714G	-1.340	7.0	25.0
SET_5	14	1U4QA	L1771G	-0.560	7.0	25.0
SET_5	14	1AJ3A	R14G	-1.900	7.0	25.0
SET_5	14	1U4QA	E1683G	-2.630	7.0	25.0
SET_5	14	1AJ3A	Q100G	-0.700	7.0	25.0
SET_5	14	1U4QA	Q1666G	-0.710	7.0	25.0
SET_5	14	1AJ3A	Q100A	0.400	7.0	25.0
SET_5	14	1U4QA	N1700A	0.290	7.0	25.0
SET_5	14	1U4QA	S1738G	-0.390	7.0	25.0
SET_5	14	1AJ3A	W95F	-2.100	7.0	25.0
SET_5	14	1U4QA	E1681G	-0.600	7.0	25.0
SET_5	14	1AJ3A	W22F	-1.110	7.5	25.0
SET_5	14	1U4QA	L1729A	-1.550	7.0	25.0
SET_5	14	1U4QA	K1720G	-1.160	7.0	25.0
SET_5	14	1U4QA	S1756A	0.210	7.0	25.0
SET_5	14	1U4QA	G1749A	0.500	7.0	25.0
SET_5	14	1U4QA	F1677G	-0.290	7.0	25.0
SET_5	17	1AZPA	V30I	0.700	7.0	50.0
SET_5	17	1BNZA	R43A	-0.560	6.1	25.0
SET_5	17	1BNZA	S47A	0.180	6.1	25.0
SET_5	17	1BNZA	F32A	-2.310	6.1	25.0
SET_5	17	1BNZA	I17A	-1.210	6.1	25.0
SET_5	17	1BNZA	S31A	0.720	6.1	25.0
SET_5	17	1BNZA	A45G	-1.270	6.1	25.0
SET_5	17	1BNZA	Q57G	-0.430	6.1	25.0
SET_5	17	1BNZA	L55A	-3.920	6.1	25.0
SET_5	88	1TPKA	V65T	-1.000	4.5	64.3
SET_5	88	1TPKA	V65S	-2.400	4.5	64.3
SET_5	88	1TPKA	V65M	-2.200	4.5	64.3
SET_5	88	1TPKA	V65I	0.300	4.5	64.3
SET_5	46	1FT8A	L267I	-0.110	7.0	25.0
SET_5	46	1FT8A	L349I	0.050	7.0	25.0
SET_5	46	1FT8A	L348I	-0.530	7.0	25.0
SET_5	46	1FT8A	S339A	0.320	7.0	25.0
SET_5	46	1FT8A	I264V	-0.640	7.0	25.0
SET_5	46	1FT8A	L293V	-1.410	7.0	25.0
SET_5	46	1FT8A	L212V	-1.380	7.0	25.0
SET_5	46	1FT8A	M216L	0.270	7.0	25.0
SET_5	46	1FT8A	L293I	-0.800	7.0	25.0
SET_5	46	1FT8A	L315A	-1.650	7.0	25.0
SET_5	47	1FXAA	E94Q	0.600	7.5	25.0
SET_5	47	1FXAA	E94D	-1.100	7.5	25.0
SET_5	47	1FXAA	E95K	1.000	7.5	25.0
SET_5	75	1PREA	C159S	-2.400	7.4	25.0
SET_5	71	1OSIA	V126M	-2.250	7.0	40.0
SET_5	71	1OSIA	S92F	0.390	7.0	40.0
SET_5	70	1ONCA	M23L	-2.630	6.0	25.0
SET_5	78	1QNDA	C71S	-1.910	6.8	20.0
